21.5076
21.5076
16.4498
16.4498
14.19
14.19
26.7472
26.7472
32.7799
32.7799
32.4562
32.4562
38.3072
38.3072
113.141
113.141
159.26
159.26
7.97535
7.97535
2.87446
2.87446
24.5891
24.5891
16.1173
16.1173
9.31602
9.31602
42.4547
42.4547
88.5318
88.5318
94.5996
94.5996
111.22
111.22
38.4813
38.4813
78.4064
78.4064
61.2455
61.2455
95.1264
95.1264
71.7691
71.7691
121.576
121.576
211.482
211.482
340.485
340.485
98.6584
98.6584
131.674
131.674
195.398
195.398
283.952
283.952
444.29
444.29
921.893
921.893
3027.45
3027.45
2912.52
2912.52
1237.73
1237.73
879.332
879.332
778.543
778.543
823.593
823.593
958.415
958.415
1663.78
1663.78
8871.57
8871.57
1867.45
1867.45
853.014
853.014
502.778
502.778
328.786
328.786
304.312
304.312
192.909
192.909
217.101
217.101
125.689
125.689
105.223
105.223
92.1164
92.1164
33.8293
33.8293
86.7605
86.7605
30.9317
30.9317
53.9797
53.9797
18.6248
18.6248
150.574
150.574
77.8336
77.8336
49.0622
49.0622
75.9364
75.9364
45.8859
45.8859
46.9544
46.9544
34.0219
34.0219
17.8609
17.8609
48.9129
48.9129
84.438
84.438
34.986
34.986
34.4154
34.4154
16.7966
16.7966
39.198
39.198
11.2339
11.2339
32.9089
32.9089
34.1477
34.1477
24.5487
24.5487
17.7138
17.7138
11.0815
11.0815
28.27
28.27
10.326
10.326
33.0799
33.0799
46.4777
46.4777
29.4139
29.4139
38.9974
38.9974
16.5233
16.5233
18.9234
18.9234
13.3118
13.3118
35.5821
35.5821
21.8525
21.8525
29.1392
29.1392
71.5475
71.5475
10.2468
10.2468
47.7935
47.7935
39.4083
39.4083
20.6959
20.6959
15.2434
15.2434
23.6603
23.6603
22.8913
22.8913
33.2357
33.2357
64.531
64.531
32.3726
32.3726
17.063
17.063
13.5212
13.5212
28.7348
28.7348
19.7263
19.7263
33.3136
33.3136
48.098
48.098
336.134
336.134
27.9877
27.9877
16.5634
16.5634
17.0954
17.0954
14.9575
14.9575
32.5715
32.5715
43.2558
43.2558
68.5471
68.5471
330.994
330.994
40.7765
40.7765
16.2886
16.2886
9.13473
9.13473
4.45159
4.45159
11.145
11.145
4.49487
4.49487
32.2771
32.2771
35.7444
35.7444
8.01013
8.01013
9.24908
9.24908
20.2591
20.2591
13.1375
13.1375
15.9359
15.9359
11.9995
11.9995
57.5868
57.5868
23.0765
23.0765
16.5647
16.5647
5.98883
5.98883
3.38377
3.38377
4.77827
4.77827
10.0681
10.0681
12.9723
12.9723
27.4984
27.4984
13.2194
13.2194
11.2861
11.2861
11.4893
11.4893
2.73354
2.73354
3.08738
3.08738
4.9999
4.9999
5.20869
5.20869
24.9704
24.9704
26.9015
26.9015
9.39013
9.39013
8.7997
8.7997
5.52757
5.52757
3.18109
3.18109
11.7663
11.7663
12.4009
12.4009
13.7879
13.7879
30.7669
30.7669
4.2019
4.2019
6.54466
6.54466
9.35597
9.35597
6.19161
6.19161
3.35685
3.35685
3.78359
3.78359
10.0674
10.0674
17.7028
17.7028
3.45194
3.45194
2.73505
2.73505
5.02789
5.02789
2.1149
2.1149
2.3297
2.3297
11.6014
11.6014
10.3383
10.3383
11.3723
11.3723
20.8759
20.8759
3.1164
3.1164
2.80239
2.80239
0.868165
0.868165
3.59239
3.59239
4.04437
4.04437
10.0157
10.0157
13.57
13.57
55.5029
55.5029
13.8154
13.8154
11.276
11.276
7.88557
7.88557
13.2077
13.2077
7.31855
7.31855
14.7817
14.7817
41.1765
41.1765
38.1546
38.1546
13.9629
13.9629
10.8329
10.8329
3.11642
3.11642
10.3697
10.3697
3.048
3.048
5.44299
5.44299
23.8036
23.8036
6.14197
6.14197
7.05399
7.05399
2.34711
2.34711
2.42452
2.42452
2.36903
2.36903
2.58078
2.58078
1.32689
1.32689
5.5929
5.5929
4.97596
4.97596
5.93599
5.93599
2.08068
2.08068
2.56397
2.56397
0.773069
0.773069
1.06615
1.06615
1.42998
1.42998
2.54368
2.54368
9.3522
9.3522
5.45738
5.45738
8.53913
8.53913
1.35221
1.35221
0.623005
0.623005
0.358144
0.358144
2.80341
2.80341
3.19307
3.19307
4.69021
4.69021
5.58917
5.58917
3.72132
3.72132
7.7397
7.7397
1.95184
1.95184
3.22234
3.22234
0.972022
0.972022
2.86997
2.86997
1.98063
1.98063
4.46249
4.46249
2.21357
2.21357
5.13259
5.13259
1.45622
1.45622
2.85176
2.85176
3.96804
3.96804
4.05038
4.05038
2.42446
2.42446
6.71038
6.71038
0.996919
0.996919
1.75034
1.75034
2.15047
2.15047
2.67235
2.67235
2.76313
2.76313
4.89534
4.89534
2.35299
2.35299
3.03723
3.03723
5.84287
5.84287
1.43175
1.43175
3.54697
3.54697
1.8148
1.8148
1.59046
1.59046
2.45478
2.45478
3.20889
3.20889
2.33282
2.33282
1.2153
1.2153
2.00635
2.00635
2.59957
2.59957
1.424
1.424
0.691683
0.691683
2.54781
2.54781
7.52791
7.52791
0.650794
0.650794
1.79271
1.79271
1.96926
1.96926
0.778238
0.778238
2.4426
2.4426
1.4585
1.4585
1.18645
1.18645
8.1883
8.1883
1.15174
1.15174
0.449507
0.449507
2.94609
2.94609
0.179417
0.179417
0.411763
0.411763
1.52561
1.52561
2.05452
2.05452
3.63878
3.63878
2.20752
2.20752
0.75929
0.75929
0.530932
0.530932
1.45928
1.45928
0.695291
0.695291
0.81551
0.81551
1.40281
1.40281
1.53996
1.53996
1.26496
1.26496
1.82434
1.82434
0.635374
0.635374
2.15607
2.15607
1.02318
1.02318
1.10926
1.10926
1.98157
1.98157
0.717767
0.717767
2.05376
2.05376
0.554298
0.554298
1.20346
1.20346
1.39015
1.39015
0.876519
0.876519
0.0547511
0.0547511
1.32001
1.32001
1.77964
1.77964
0.318821
0.318821
2.81883
2.81883
0.72341
0.72341
0.38556
0.38556
2.43405
2.43405
0.277415
0.277415
1.00483
1.00483
3.49729
3.49729
1.22357
1.22357
1.69004
1.69004
0.348998
0.348998
0.255224
0.255224
0.420821
0.420821
1.20978
1.20978
0.418668
0.418668
0.751391
0.751391
0.12157
0.12157
0.269922
0.269922
0.164634
0.164634
0.297827
0.297827
0.325412
0.325412
0.574605
0.574605
0.296428
0.296428
0.429945
0.429945
0.495519
0.495519
0.56097
0.56097
0.814092
0.814092
0.327706
0.327706
0.31958
0.31958
0.342021
0.342021
0.731714
0.731714
0.356721
0.356721
1.26629
1.26629
0.461283
0.461283
0.168697
0.168697
0.341212
0.341212
0.202538
0.202538
0.144916
0.144916
0.670846
0.670846
1.14018
1.14018
1.4472
1.4472
0.714834
0.714834
0.612352
0.612352
0.236037
0.236037
0.277252
0.277252
0.33598
0.33598
0.448465
0.448465
1.46142
1.46142
0.612958
0.612958
0.311014
0.311014
0.0973906
0.0973906
0.104423
0.104423
0.176767
0.176767
0.130505
0.130505
0.195565
0.195565
1.03441
1.03441
0.376343
0.376343
0.613475
0.613475
0.220707
0.220707
0.12846
0.12846
0.293005
0.293005
0.455134
0.455134
0.339076
0.339076
0.572494
0.572494
0.705221
0.705221
0.283
0.283
0.238125
0.238125
0.220398
0.220398
0.0958079
0.0958079
0.118794
0.118794
0.241961
0.241961
0.320181
0.320181
0.880571
0.880571
0.377713
0.377713
0.176252
0.176252
0.0909883
0.0909883
0.102814
0.102814
0.229438
0.229438
0.416237
0.416237
0.25336
0.25336
0.763026
0.763026
0.331332
0.331332
0.203687
0.203687
0.31568
0.31568
0.148487
0.148487
0.37569
0.37569
0.416094
0.416094
0.506409
0.506409
0.115158
0.115158
0.405406
0.405406
0.0456552
0.0456552
0.092985
0.092985
0.233637
0.233637
0.0240605
0.0240605
0.0663379
0.0663379
0.267203
0.267203
0.219607
0.219607
0.329413
0.329413
0.10571
0.10571
0.0448641
0.0448641
0.0577608
0.0577608
0.16364
0.16364
0.0790595
0.0790595
0.0992669
0.0992669
0.163791
0.163791
0.136147
0.136147
0.330441
0.330441
0.233438
0.233438
0.142992
0.142992
0.0753882
0.0753882
0.0680637
0.0680637
0.293216
0.293216
0.599957
0.599957
0.116864
0.116864
0.0751634
0.0751634
0.112386
0.112386
0.153357
0.153357
0.252845
0.252845
0.17298
0.17298
0.123229
0.123229
0.41161
0.41161
0.232975
0.232975
0.176311
0.176311
0.223706
0.223706
0.0974932
0.0974932
0.0929578
0.0929578
0.0930104
0.0930104
0.171004
0.171004
0.302889
0.302889
0.230003
0.230003
0.077414
0.077414
0.129411
0.129411
0.223393
0.223393
0.197414
0.197414
0.139705
0.139705
0.149862
0.149862
0.339459
0.339459
0.317159
0.317159
0.176153
0.176153
0.149609
0.149609
0.0789025
0.0789025
0.132693
0.132693
0.150356
0.150356
0.202356
0.202356
0.158748
0.158748
0.219303
0.219303
0.100894
0.100894
0.141024
0.141024
0.222909
0.222909
0.180652
0.180652
0.142433
0.142433
0.321408
0.321408
0.309016
0.309016
0.110047
0.110047
0.181438
0.181438
0.054853
0.054853
0.155761
0.155761
0.144797
0.144797
0.151178
0.151178
0.0468055
0.0468055
0.0779235
0.0779235
0.0944964
0.0944964
0.115744
0.115744
0.0521558
0.0521558
0.135598
0.135598
0.18178
0.18178
0.0625661
0.0625661
0.0922246
0.0922246
0.105847
0.105847
0.111933
0.111933
0.275003
0.275003
0.204901
0.204901
0.0998169
0.0998169
0.147587
0.147587
0.0734239
0.0734239
0.183467
0.183467
0.130266
0.130266
0.206938
0.206938
0.158178
0.158178
0.139053
0.139053
0.103304
0.103304
0.125558
0.125558
0.0982715
0.0982715
0.212687
0.212687
0.0936768
0.0936768
0.0415545
0.0415545
0.150361
0.150361
0.0781465
0.0781465
0.0359113
0.0359113
0.0503106
0.0503106
0.053654
0.053654
0.113466
0.113466
0.0337869
0.0337869
0.0237511
0.0237511
0.13343
0.13343
0.0958185
0.0958185
0.138138
0.138138
0.0875764
0.0875764
0.117032
0.117032
0.13905
0.13905
0.0791931
0.0791931
0.118056
0.118056
0.0698108
0.0698108
0.096583
0.096583
0.050333
0.050333
0.0740421
0.0740421
0.0355259
0.0355259
0.0810387
0.0810387
0.123984
0.123984
0.0822557
0.0822557
0.154114
0.154114
0.0673299
0.0673299
0.0735883
0.0735883
0.134091
0.134091
0.0573529
0.0573529
0.0734048
0.0734048
0.0543762
0.0543762
0.22693
0.22693
0.0626677
0.0626677
0.126967
0.126967
0.0419786
0.0419786
0.113591
0.113591
0.0969188
0.0969188
0.183594
0.183594
0.150946
0.150946
0.173027
0.173027
0.162299
0.162299
0.124003
0.124003
0.00792696
0.00792696
0.0616183
0.0616183
0.171139
0.171139
0.184313
0.184313
0.0226241
0.0226241
0.134742
0.134742
0.0649509
0.0649509
0.0595619
0.0595619
0.0425957
0.0425957
0.189048
0.189048
0.0824108
0.0824108
0.0724769
0.0724769
0.0274174
0.0274174
0.138852
0.138852
0.211963
0.211963
0.0704607
0.0704607
0.0747046
0.0747046
0.303502
0.303502
0.0328938
0.0328938
0.109064
0.109064
0.101706
0.101706
0.101424
0.101424
0.0467981
0.0467981
0.106182
0.106182
0.0519162
0.0519162
0.0463989
0.0463989
0.0104104
0.0104104
0.0466667
0.0466667
0.0681485
0.0681485
0.0977792
0.0977792
0.0594032
0.0594032
0.0578497
0.0578497
0.0735733
0.0735733
0.0521793
0.0521793
0.126765
0.126765
0.0522316
0.0522316
0.108434
0.108434
0.0332128
0.0332128
0.0977629
0.0977629
0.0291411
0.0291411
0.13585
0.13585
0.135942
0.135942
0.1295
0.1295
0.128208
0.128208
0.0602547
0.0602547
0.243222
0.243222
0.135068
0.135068
0.0391048
0.0391048
0.0507193
0.0507193
0.0251752
0.0251752
0.0878204
0.0878204
0.092523
0.092523
0.101085
0.101085
0.0955093
0.0955093
0.109595
0.109595
0.126131
0.126131
0.0772574
0.0772574
0.00726031
0.00726031
0.086546
0.086546
0.168221
0.168221
0.0710293
0.0710293
0.0676169
0.0676169
0.0377756
0.0377756
0.109708
0.109708
0.0645208
0.0645208
0.0593815
0.0593815
0.0494138
0.0494138
0.0654075
0.0654075
0.101586
0.101586
0.0683627
0.0683627
0.109723
0.109723
0.0981608
0.0981608
0.132153
0.132153
0.152095
0.152095
0.18145
0.18145
0.104827
0.104827
0.0495734
0.0495734
0.0898635
0.0898635
0.0845898
0.0845898
0.0986028
0.0986028
0.131712
0.131712
0.0858039
0.0858039
0.141968
0.141968
0.00497128
0.00497128
0.0460343
0.0460343
0.0282939
0.0282939
0.116542
0.116542
0.0722967
0.0722967
0.059045
0.059045
0.129581
0.129581
0.114801
0.114801
0.11802
0.11802
0.0594682
0.0594682
0.0392157
0.0392157
0.0334521
0.0334521
0.0891779
0.0891779
0.170482
0.170482
0.0816384
0.0816384
0.091744
0.091744
0.0242918
0.0242918
0.0711817
0.0711817
0.172615
0.172615
0.0718941
0.0718941
0.0979253
0.0979253
0.176691
0.176691
0.0292495
0.0292495
0.0847598
0.0847598
0.116218
0.116218
0.0283867
0.0283867
0.130239
0.130239
0.152313
0.152313
0.113695
0.113695
0.0754287
0.0754287
0.033344
0.033344
0.111787
0.111787
0.0505024
0.0505024
0.0819067
0.0819067
0.0653531
0.0653531
0.0580245
0.0580245
0.105865
0.105865
0.0446784
0.0446784
0.119933
0.119933
0.0367649
0.0367649
0.062163
0.062163
0.105131
0.105131
0.100417
0.100417
0.173954
0.173954
0.0262872
0.0262872
0.159003
0.159003
0.137334
0.137334
0.0711364
0.0711364
0.0379829
0.0379829
0.0804957
0.0804957
0.0838322
0.0838322
0.039444
0.039444
0.09455
0.09455
0.0718666
0.0718666
0.0332945
0.0332945
0.0511168
0.0511168
0.033974
0.033974
0.0536115
0.0536115
0.020702
0.020702
0.149414
0.149414
0.0446818
0.0446818
0.0602643
0.0602643
0.0134563
0.0134563
0.0433158
0.0433158
0.0909119
0.0909119
0.0222576
0.0222576
0.0933592
0.0933592
0.046282
0.046282
0.0761065
0.0761065
0.0975527
0.0975527
0.0814994
0.0814994
0.0528754
0.0528754
0.00674552
0.00674552
0.0409747
0.0409747
0.0472955
0.0472955
0.128597
0.128597
0.0766612
0.0766612
0.0932593
0.0932593
0.041458
0.041458
0.147255
0.147255
0.0852839
0.0852839
0.048427
0.048427
0.0984438
0.0984438
0.140051
0.140051
0.110545
0.110545
0.0354254
0.0354254
0.0564657
0.0564657
0.138754
0.138754
0.138592
0.138592
0.0979971
0.0979971
0.121606
0.121606
0.0359025
0.0359025
0.056159
0.056159
0.100574
0.100574
0.0203573
0.0203573
0.05658
0.05658
0.0399816
0.0399816
0.0833156
0.0833156
0.109696
0.109696
0.0402163
0.0402163
0.0186947
0.0186947
0.0863131
0.0863131
0.11784
0.11784
0.216673
0.216673
0.0926961
0.0926961
0.0315949
0.0315949
0.218315
0.218315
0.100826
0.100826
0.106052
0.106052
0.0416326
0.0416326
0.107024
0.107024
0.0809896
0.0809896
0.09071
0.09071
0.027314
0.027314
0.0618463
0.0618463
0.0745495
0.0745495
0.124848
0.124848
0.0526353
0.0526353
0.0660456
0.0660456
0.141375
0.141375
0.0624864
0.0624864
0.0642407
0.0642407
0.126562
0.126562
0.134106
0.134106
0.0833285
0.0833285
0.182875
0.182875
0.105342
0.105342
0.144469
0.144469
0.0537901
0.0537901
0.141888
0.141888
0.0708274
0.0708274
0.10773
0.10773
0.0638337
0.0638337
0.0745456
0.0745456
0.121309
0.121309
0.0664865
0.0664865
0.0457265
0.0457265
0.11676
0.11676
0.189229
0.189229
0.0761042
0.0761042
0.103677
0.103677
0.124486
0.124486
0.0745321
0.0745321
0.172584
0.172584
0.100245
0.100245
0.0650537
0.0650537
0.0887913
0.0887913
0.0625506
0.0625506
0.121872
0.121872
0.0535267
0.0535267
0.0639846
0.0639846
0.0795043
0.0795043
0.138749
0.138749
0.0987276
0.0987276
0.0198771
0.0198771
0.0448547
0.0448547
0.118103
0.118103
0.0943834
0.0943834
0.0455837
0.0455837
0.0383812
0.0383812
0.0214258
0.0214258
0.065865
0.065865
0.168561
0.168561
0.105676
0.105676
0.00885542
0.00885542
0.0875193
0.0875193
0.0470865
0.0470865
0.0462719
0.0462719
0.122723
0.122723
0.0884891
0.0884891
0.0794923
0.0794923
0.132543
0.132543
0.0640196
0.0640196
0.0355791
0.0355791
0.0307499
0.0307499
0.147095
0.147095
0.069307
0.069307
0.0964669
0.0964669
0.105307
0.105307
0.0542912
0.0542912
0.121933
0.121933
0.0866914
0.0866914
0.0909645
0.0909645
0.0201628
0.0201628
0.103642
0.103642
0.145861
0.145861
0.0536583
0.0536583
0.0320609
0.0320609
0.0942631
0.0942631
0.0551342
0.0551342
0.0268206
0.0268206
0.0448796
0.0448796
0.00204532
0.00204532
0.0661684
0.0661684
0.119383
0.119383
0.0799417
0.0799417
0.136742
0.136742
0.0384346
0.0384346
0.0211495
0.0211495
0.104232
0.104232
0.055533
0.055533
0.00559747
0.00559747
0.0347848
0.0347848
0.0222293
0.0222293
0.0283588
0.0283588
0.0730821
0.0730821
0.0198856
0.0198856
0.0917627
0.0917627
0.114287
0.114287
0.0597028
0.0597028
0.0771525
0.0771525
0.0465349
0.0465349
0.0591466
0.0591466
0.0938462
0.0938462
0.0146995
0.0146995
0.0623634
0.0623634
0.0347993
0.0347993
0.0931374
0.0931374
0.137786
0.137786
0.131835
0.131835
0.118802
0.118802
0.101196
0.101196
0.128773
0.128773
0.0432341
0.0432341
0.0641849
0.0641849
0.0319751
0.0319751
0.0482342
0.0482342
0.224066
0.224066
0.0959745
0.0959745
0.0663703
0.0663703
0.0365396
0.0365396
0.163889
0.163889
0.0967473
0.0967473
0.0339829
0.0339829
0.113513
0.113513
0.0172048
0.0172048
0.168022
0.168022
0.0916079
0.0916079
0.0969066
0.0969066
0.0745257
0.0745257
0.0446321
0.0446321
0.0799672
0.0799672
0.0504871
0.0504871
0.0793927
0.0793927
0.0802191
0.0802191
0.0435655
0.0435655
0.103127
0.103127
0.0416563
0.0416563
0.0680913
0.0680913
0.0774242
0.0774242
0.103239
0.103239
0.0660964
0.0660964
0.157657
0.157657
0.10385
0.10385
0.0561653
0.0561653
0.073071
0.073071
0.0625344
0.0625344
0.12534
0.12534
0.0546209
0.0546209
0.0712935
0.0712935
0.0515705
0.0515705
0.0787803
0.0787803
0.105309
0.105309
0.0531519
0.0531519
0.177179
0.177179
0.0115988
0.0115988
0.0322034
0.0322034
0.00695928
0.00695928
0.00631132
0.00631132
0.139447
0.139447
0.127558
0.127558
0.0356039
0.0356039
0.045092
0.045092
0.0745735
0.0745735
0.0524998
0.0524998
0.0249611
0.0249611
0.0813048
0.0813048
0.0431803
0.0431803
0.0400831
0.0400831
0.0593063
0.0593063
0.0242933
0.0242933
0.027756
0.027756
0.0930223
0.0930223
0.0715977
0.0715977
0.0265855
0.0265855
0.0383008
0.0383008
0.0366184
0.0366184
0.168978
0.168978
0.147488
0.147488
0.109723
0.109723
0.0294607
0.0294607
0.154085
0.154085
0.0700132
0.0700132
0.124787
0.124787
0.0608092
0.0608092
0.0478696
0.0478696
0.16836
0.16836
0.0157437
0.0157437
0.0622523
0.0622523
0.0830227
0.0830227
0.0258642
0.0258642
0.125176
0.125176
0.0650646
0.0650646
0.0145661
0.0145661
0.117159
0.117159
0.0927996
0.0927996
0.0465809
0.0465809
0.0206477
0.0206477
0.0758324
0.0758324
0.0874815
0.0874815
0.0750797
0.0750797
0.161741
0.161741
0.141847
0.141847
0.0526538
0.0526538
0.0262825
0.0262825
0.0234913
0.0234913
0.139499
0.139499
0.0132025
0.0132025
0.0861616
0.0861616
0.0877838
0.0877838
0.143417
0.143417
0.102864
0.102864
0.0708595
0.0708595
0.100778
0.100778
0.119213
0.119213
0.0438426
0.0438426
0.0545631
0.0545631
0.0624933
0.0624933
0.110736
0.110736
0.104107
0.104107
0.116321
0.116321
0.0380088
0.0380088
0.0362356
0.0362356
0.101571
0.101571
0.0628536
0.0628536
0.0659889
0.0659889
0.0694793
0.0694793
0.0514717
0.0514717
0.0525713
0.0525713
0.0348492
0.0348492
0.0616898
0.0616898
0.0938245
0.0938245
0.134579
0.134579
0.00535907
0.00535907
0.0174174
0.0174174
0.0545603
0.0545603
0.0190271
0.0190271
0.0571019
0.0571019
0.173376
0.173376
0.0126844
0.0126844
0.0382701
0.0382701
0.0494831
0.0494831
0.0936005
0.0936005
0.137094
0.137094
0.0653416
0.0653416
0.079714
0.079714
0.0191628
0.0191628
0.0287265
0.0287265
0.0697516
0.0697516
0.0744596
0.0744596
0.110194
0.110194
0.0995008
0.0995008
0.0333905
0.0333905
0.021612
0.021612
0.0715119
0.0715119
0.0409832
0.0409832
0.0560791
0.0560791
0.125367
0.125367
0.0232897
0.0232897
0.0301311
0.0301311
0.049978
0.049978
0.0349596
0.0349596
0.0522124
0.0522124
0.117023
0.117023
0.0514452
0.0514452
0.0673343
0.0673343
0.0989428
0.0989428
0.0655504
0.0655504
0.0782655
0.0782655
0.0484825
0.0484825
0.0462194
0.0462194
0.0194616
0.0194616
0.0473861
0.0473861
0.156983
0.156983
0.0944275
0.0944275
0.0943135
0.0943135
0.0528517
0.0528517
0.0871096
0.0871096
0.111594
0.111594
0.0387548
0.0387548
0.0249413
0.0249413
0.0405577
0.0405577
0.0547308
0.0547308
0.119053
0.119053
0.109552
0.109552
0.0554552
0.0554552
0.0514065
0.0514065
0.016018
0.016018
0.0553593
0.0553593
0.0351572
0.0351572
0.036043
0.036043
0.114315
0.114315
0.0590845
0.0590845
0.0213298
0.0213298
0.0899988
0.0899988
0.11425
0.11425
0.0581437
0.0581437
0.0706157
0.0706157
0.0742237
0.0742237
0.072965
0.072965
0.0704134
0.0704134
0.0555383
0.0555383
0.0796927
0.0796927
0.0437594
0.0437594
0.0636889
0.0636889
0.0628906
0.0628906
0.0867786
0.0867786
0.0179227
0.0179227
0.0587868
0.0587868
0.033497
0.033497
0.0230889
0.0230889
0.0892742
0.0892742
0.0245958
0.0245958
0.0517573
0.0517573
0.052566
0.052566
0.116995
0.116995
0.0514858
0.0514858
0.018861
0.018861
0.0644685
0.0644685
0.0279756
0.0279756
0.0720193
0.0720193
0.0361556
0.0361556
0.0943157
0.0943157
0.0776715
0.0776715
0.0338469
0.0338469
0.0773179
0.0773179
0.0380566
0.0380566
0.0918339
0.0918339
0.0310671
0.0310671
0.0550882
0.0550882
0.0692746
0.0692746
0.0282891
0.0282891
0.135788
0.135788
0.0840332
0.0840332
0.0972888
0.0972888
0.108427
0.108427
0.046991
0.046991
0.0210134
0.0210134
0.147929
0.147929
0.0966948
0.0966948
0.11598
0.11598
0.0930497
0.0930497
0.0521694
0.0521694
0.0400101
0.0400101
0.0202376
0.0202376
0.0472548
0.0472548
0.0215956
0.0215956
0.0545431
0.0545431
0.0873842
0.0873842
0.0959293
0.0959293
0.0667068
0.0667068
0.0221962
0.0221962
0.0324051
0.0324051
0.0631089
0.0631089
0.190969
0.190969
0.0164315
0.0164315
0.0771697
0.0771697
0.0971912
0.0971912
0.0527314
0.0527314
0.0783099
0.0783099
0.0594432
0.0594432
0.00881762
0.00881762
0.0698152
0.0698152
0.064097
0.064097
0.115424
0.115424
0.0665381
0.0665381
0.0370208
0.0370208
0.0253757
0.0253757
0.0204942
0.0204942
0.124219
0.124219
0.0670164
0.0670164
0.0565435
0.0565435
0.053573
0.053573
0.0728788
0.0728788
0.0797893
0.0797893
0.0285111
0.0285111
0.0431538
0.0431538
0.0980139
0.0980139
0.0659266
0.0659266
0.0453063
0.0453063
0.0221792
0.0221792
0.0808413
0.0808413
0.11323
0.11323
0.0420581
0.0420581
0.0114491
0.0114491
0.106199
0.106199
0.0670567
0.0670567
0.140683
0.140683
0.0511069
0.0511069
0.0968795
0.0968795
0.0184114
0.0184114
0.038664
0.038664
0.0403851
0.0403851
0.0556264
0.0556264
0.0786695
0.0786695
0.103296
0.103296
0.0760411
0.0760411
0.058854
0.058854
0.0958753
0.0958753
0.0799329
0.0799329
0.0344201
0.0344201
0.0559505
0.0559505
0.0300177
0.0300177
0.0683558
0.0683558
0.0784768
0.0784768
0.00883248
0.00883248
0.0188463
0.0188463
0.124166
0.124166
0.0846784
0.0846784
0.0518323
0.0518323
0.0770639
0.0770639
0.114788
0.114788
0.0384832
0.0384832
0.0777222
0.0777222
0.0171835
0.0171835
0.0359996
0.0359996
0.0630511
0.0630511
0.0448788
0.0448788
0.0417604
0.0417604
0.109398
0.109398
0.0874996
0.0874996
0.0517634
0.0517634
0.121551
0.121551
0.0487454
0.0487454
0.105862
0.105862
0.070037
0.070037
0.0318614
0.0318614
0.0379104
0.0379104
0.0581244
0.0581244
0.0167893
0.0167893
0.0369006
0.0369006
0.139586
0.139586
0.0250248
0.0250248
0.141957
0.141957
0.0663509
0.0663509
0.0125675
0.0125675
0.02719
0.02719
0.0446366
0.0446366
0.181381
0.181381
0.0186323
0.0186323
0.0366231
0.0366231
0.075745
0.075745
0.0521342
0.0521342
0.094646
0.094646
0.0390684
0.0390684
0.11482
0.11482
0.111978
0.111978
0.0662665
0.0662665
0.0675956
0.0675956
0.110468
0.110468
0.049839
0.049839
0.0367636
0.0367636
0.044169
0.044169
0.0819613
0.0819613
0.0650553
0.0650553
0.0355443
0.0355443
0.0943195
0.0943195
0.0783601
0.0783601
0.0678778
0.0678778
0.0696072
0.0696072
0.0440755
0.0440755
0.0408353
0.0408353
0.074264
0.074264
0.0725522
0.0725522
0.0431001
0.0431001
0.0266685
0.0266685
0.025421
0.025421
0.0774715
0.0774715
0.0711205
0.0711205
0.0507171
0.0507171
0.0284373
0.0284373
0.0599645
0.0599645
0.110853
0.110853
0.0373984
0.0373984
0.121578
0.121578
0.0823034
0.0823034
0.0518531
0.0518531
0.0528677
0.0528677
0.0949523
0.0949523
0.0661642
0.0661642
0.0431406
0.0431406
0.0487205
0.0487205
0.0723846
0.0723846
0.052338
0.052338
0.0823652
0.0823652
0.0229949
0.0229949
0.00299498
0.00299498
0.0219277
0.0219277
0.0451859
0.0451859
0.0149831
0.0149831
0.0586717
0.0586717
0.0614827
0.0614827
0.0606228
0.0606228
0.15747
0.15747
0.0188139
0.0188139
0.0313779
0.0313779
0.0417019
0.0417019
0.0207409
0.0207409
0.079856
0.079856
0.0896825
0.0896825
0.0776807
0.0776807
0.011894
0.011894
0.0786406
0.0786406
0.0516022
0.0516022
0.0658433
0.0658433
0.0160421
0.0160421
0.0257034
0.0257034
0.0630173
0.0630173
0.0417058
0.0417058
0.0759968
0.0759968
0.0382431
0.0382431
0.0197722
0.0197722
0.103159
0.103159
0.0518757
0.0518757
0.0538747
0.0538747
0.0840754
0.0840754
0.0657653
0.0657653
0.102185
0.102185
0.0393887
0.0393887
0.039194
0.039194
0.0156602
0.0156602
0.0532416
0.0532416
0.0573807
0.0573807
0.030921
0.030921
0.111039
0.111039
0.102373
0.102373
0.0553092
0.0553092
0.149924
0.149924
0.0393048
0.0393048
0.0228034
0.0228034
0.0474705
0.0474705
0.0658761
0.0658761
0.0857581
0.0857581
0.037497
0.037497
0.0443535
0.0443535
0.0529573
0.0529573
0.0882181
0.0882181
0.0276
0.0276
0.0405922
0.0405922
0.0539308
0.0539308
0.0949548
0.0949548
0.0726344
0.0726344
0.0794868
0.0794868
0.040714
0.040714
0.0842407
0.0842407
0.074451
0.074451
0.0703065
0.0703065
0.0723214
0.0723214
0.0517244
0.0517244
0.114086
0.114086
0.0574295
0.0574295
0.14243
0.14243
0.0312676
0.0312676
0.0996516
0.0996516
0.0359754
0.0359754
0.0841714
0.0841714
0.0716919
0.0716919
0.0219948
0.0219948
0.058816
0.058816
0.127733
0.127733
0.0708571
0.0708571
0.0522088
0.0522088
0.0918329
0.0918329
0.0976175
0.0976175
0.0854129
0.0854129
0.0275802
0.0275802
0.0281632
0.0281632
0.0341249
0.0341249
0.0254349
0.0254349
0.0834819
0.0834819
0.0435563
0.0435563
0.0552155
0.0552155
0.0486262
0.0486262
0.111606
0.111606
0.0653689
0.0653689
0.0609687
0.0609687
0.0937091
0.0937091
0.134964
0.134964
0.0600277
0.0600277
0.122336
0.122336
0.0382615
0.0382615
0.0511982
0.0511982
0.0246167
0.0246167
0.0603408
0.0603408
0.126854
0.126854
0.0420745
0.0420745
0.0899463
0.0899463
0.116075
0.116075
0.0338455
0.0338455
0.0777514
0.0777514
0.10804
0.10804
0.0183006
0.0183006
0.039534
0.039534
0.0418362
0.0418362
0.0550161
0.0550161
0.0703188
0.0703188
0.0743785
0.0743785
0.059336
0.059336
0.0633817
0.0633817
0.0385263
0.0385263
0.0775812
0.0775812
0.0284465
0.0284465
0.0526294
0.0526294
0.0564269
0.0564269
0.0129235
0.0129235
0.0948453
0.0948453
0.087526
0.087526
0.0430231
0.0430231
0.0978926
0.0978926
0.0432318
0.0432318
0.0742505
0.0742505
0.0291145
0.0291145
0.0364128
0.0364128
0.122719
0.122719
0.072509
0.072509
0.0474291
0.0474291
0.084836
0.084836
0.103962
0.103962
0.0169169
0.0169169
0.0486312
0.0486312
0.0470798
0.0470798
0.0229338
0.0229338
0.0383023
0.0383023
0.0777565
0.0777565
0.0949717
0.0949717
0.00468973
0.00468973
0.0325429
0.0325429
0.0144412
0.0144412
0.0587538
0.0587538
0.0878882
0.0878882
0.0318577
0.0318577
0.0780584
0.0780584
0.0593524
0.0593524
0.0747121
0.0747121
0.0816328
0.0816328
0.0568846
0.0568846
0.0447056
0.0447056
0.0744011
0.0744011
0.0298477
0.0298477
0.0826537
0.0826537
0.0261136
0.0261136
0.026363
0.026363
0.0449294
0.0449294
0.0621985
0.0621985
0.102824
0.102824
0.109038
0.109038
0.115597
0.115597
0.145251
0.145251
0.0555822
0.0555822
0.048459
0.048459
0.00477306
0.00477306
0.146652
0.146652
0.0580069
0.0580069
0.0301498
0.0301498
0.0278232
0.0278232
0.044274
0.044274
0.0529745
0.0529745
0.0241658
0.0241658
0.0378926
0.0378926
0.0456221
0.0456221
0.0259678
0.0259678
0.0286109
0.0286109
0.0716364
0.0716364
0.0165938
0.0165938
0.0893709
0.0893709
0.0294244
0.0294244
0.109244
0.109244
0.0128511
0.0128511
0.0945491
0.0945491
0.00779363
0.00779363
0.0627996
0.0627996
0.0757676
0.0757676
0.0208836
0.0208836
0.0416316
0.0416316
0.0643185
0.0643185
0.0572282
0.0572282
0.0679153
0.0679153
0.0115955
0.0115955
0.0357157
0.0357157
0.0342513
0.0342513
0.0327444
0.0327444
0.0238397
0.0238397
0.0425968
0.0425968
0.0316328
0.0316328
0.0600977
0.0600977
0.0538276
0.0538276
0.0454229
0.0454229
0.100407
0.100407
0.113461
0.113461
0.0600163
0.0600163
0.0541293
0.0541293
0.018855
0.018855
0.0668136
0.0668136
0.027066
0.027066
0.0717856
0.0717856
0.0210589
0.0210589
0.043645
0.043645
0.0932622
0.0932622
0.0473548
0.0473548
0.0232775
0.0232775
0.0910115
0.0910115
0.0704588
0.0704588
0.0288212
0.0288212
0.0664784
0.0664784
0.0320546
0.0320546
0.047173
0.047173
0.0731327
0.0731327
0.046894
0.046894
0.0307531
0.0307531
0.0566259
0.0566259
0.0838789
0.0838789
0.0704673
0.0704673
0.0447157
0.0447157
0.0141612
0.0141612
0.041274
0.041274
0.0487022
0.0487022
0.0832868
0.0832868
0.103817
0.103817
0.00614292
0.00614292
0.0777616
0.0777616
0.049868
0.049868
0.0226043
0.0226043
0.0552319
0.0552319
0.0609873
0.0609873
0.12661
0.12661
0.0185671
0.0185671
0.0150824
0.0150824
0.0584443
0.0584443
0.0895275
0.0895275
0.0705235
0.0705235
0.0161933
0.0161933
0.0798587
0.0798587
0.0282156
0.0282156
0.0708537
0.0708537
0.0481611
0.0481611
0.0603893
0.0603893
0.0903258
0.0903258
0.0823988
0.0823988
0.0242134
0.0242134
0.0174259
0.0174259
0.0447141
0.0447141
0.0661815
0.0661815
0.0170084
0.0170084
0.081143
0.081143
0.0575654
0.0575654
0.0388854
0.0388854
0.120321
0.120321
0.0772429
0.0772429
0.00390705
0.00390705
0.0599264
0.0599264
0.0614837
0.0614837
0.0429067
0.0429067
0.0472202
0.0472202
0.0209936
0.0209936
0.0263962
0.0263962
0.0481672
0.0481672
0.0713719
0.0713719
0.0551492
0.0551492
0.141932
0.141932
0.049041
0.049041
0.0664119
0.0664119
0.138432
0.138432
0.0571234
0.0571234
0.0472865
0.0472865
0.0450769
0.0450769
0.0801674
0.0801674
0.0558469
0.0558469
0.0492318
0.0492318
0.0318463
0.0318463
0.0615159
0.0615159
0.0593953
0.0593953
0.0110457
0.0110457
0.115653
0.115653
0.0149371
0.0149371
0.0266149
0.0266149
0.0636198
0.0636198
0.0488384
0.0488384
0.0744675
0.0744675
0.0230339
0.0230339
0.0207372
0.0207372
0.0485499
0.0485499
0.121529
0.121529
0.091545
0.091545
0.0595291
0.0595291
0.023457
0.023457
0.0586024
0.0586024
0.0866638
0.0866638
0.028028
0.028028
0.0728953
0.0728953
0.056165
0.056165
0.0742172
0.0742172
0.0902398
0.0902398
0.0630767
0.0630767
0.0805234
0.0805234
0.0428238
0.0428238
0.0515724
0.0515724
0.0297242
0.0297242
0.0299095
0.0299095
0.050449
0.050449
0.0553529
0.0553529
0.12009
0.12009
0.0069362
0.0069362
0.0237508
0.0237508
0.0841111
0.0841111
0.0717415
0.0717415
0.0651001
0.0651001
0.0569118
0.0569118
0.00989194
0.00989194
0.0156873
0.0156873
0.0196962
0.0196962
0.114316
0.114316
0.0841398
0.0841398
0.0167824
0.0167824
0.025972
0.025972
0.0876743
0.0876743
0.0735288
0.0735288
0.0507728
0.0507728
0.101743
0.101743
0.0710652
0.0710652
0.139451
0.139451
0.0179705
0.0179705
0.0182869
0.0182869
0.050978
0.050978
0.0275935
0.0275935
0.0733864
0.0733864
0.0470946
0.0470946
0.0550308
0.0550308
0.060527
0.060527
0.0337423
0.0337423
0.117971
0.117971
0.0551309
0.0551309
0.0401663
0.0401663
0.0842906
0.0842906
0.0156523
0.0156523
0.104113
0.104113
0.0389479
0.0389479
0.0768208
0.0768208
0.0276947
0.0276947
0.0293323
0.0293323
0.0522235
0.0522235
0.0625789
0.0625789
0.121738
0.121738
0.0670283
0.0670283
0.0756986
0.0756986
0.0159226
0.0159226
0.0750696
0.0750696
0.0466877
0.0466877
0.0264355
0.0264355
0.00848957
0.00848957
0.0263872
0.0263872
0.107235
0.107235
0.017693
0.017693
0.0344032
0.0344032
0.0632176
0.0632176
0.0346786
0.0346786
0.0659685
0.0659685
0.144265
0.144265
0.0807602
0.0807602
0.0316342
0.0316342
0.0421422
0.0421422
0.0726581
0.0726581
0.0196123
0.0196123
0.0601889
0.0601889
0.0424028
0.0424028
0.0559498
0.0559498
0.0717661
0.0717661
0.0648548
0.0648548
0.0553878
0.0553878
0.0907357
0.0907357
0.0160624
0.0160624
0.0762099
0.0762099
0.0424535
0.0424535
0.0268344
0.0268344
0.0485589
0.0485589
0.0662479
0.0662479
0.099565
0.099565
0.0427881
0.0427881
0.142744
0.142744
0.0611586
0.0611586
0.0645971
0.0645971
0.0339242
0.0339242
0.0103685
0.0103685
0.05832
0.05832
0.0622214
0.0622214
0.0997911
0.0997911
0.0421201
0.0421201
0.041864
0.041864
0.0709356
0.0709356
0.0494764
0.0494764
0.00877014
0.00877014
0.0282628
0.0282628
0.0478332
0.0478332
0.0362112
0.0362112
0.102882
0.102882
0.0832205
0.0832205
0.0602268
0.0602268
0.0742233
0.0742233
0.0757351
0.0757351
0.0413976
0.0413976
0.0369871
0.0369871
0.0478605
0.0478605
0.0601991
0.0601991
0.0726985
0.0726985
0.123554
0.123554
0.0817591
0.0817591
0.0317617
0.0317617
0.0858094
0.0858094
0.0105503
0.0105503
0.0681098
0.0681098
0.0959289
0.0959289
0.0767677
0.0767677
0.0837405
0.0837405
0.0414259
0.0414259
0.0470802
0.0470802
0.00927437
0.00927437
0.0345769
0.0345769
0.0516189
0.0516189
0.0375757
0.0375757
0.121382
0.121382
0.125812
0.125812
0.0294214
0.0294214
0.0571032
0.0571032
0.0398479
0.0398479
0.101554
0.101554
0.0255082
0.0255082
0.0447016
0.0447016
0.0492693
0.0492693
0.0886254
0.0886254
0.0334976
0.0334976
0.0101385
0.0101385
0.0303352
0.0303352
0.0806499
0.0806499
0.0341789
0.0341789
0.0202207
0.0202207
0.0265998
0.0265998
0.0385995
0.0385995
0.0389607
0.0389607
0.0464401
0.0464401
0.105238
0.105238
0.0517486
0.0517486
0.0705058
0.0705058
0.0373536
0.0373536
0.0865864
0.0865864
0.0460413
0.0460413
0.0629806
0.0629806
0.0555353
0.0555353
0.0548948
0.0548948
0.0826412
0.0826412
0.0252747
0.0252747
0.102757
0.102757
0.0603165
0.0603165
0.00606246
0.00606246
0.0853333
0.0853333
0.0198713
0.0198713
0.0445752
0.0445752
0.0505828
0.0505828
0.0349383
0.0349383
0.0580041
0.0580041
0.0255505
0.0255505
0.032195
0.032195
0.0637642
0.0637642
0.0533044
0.0533044
0.0100373
0.0100373
0.0714484
0.0714484
0.0275604
0.0275604
0.0125179
0.0125179
0.0812081
0.0812081
0.0599002
0.0599002
0.0300123
0.0300123
0.0213235
0.0213235
0.0309722
0.0309722
0.0223238
0.0223238
0.0358426
0.0358426
0.0757067
0.0757067
0.0684473
0.0684473
0.0628748
0.0628748
0.0602358
0.0602358
0.0682654
0.0682654
0.0719918
0.0719918
0.0562491
0.0562491
0.0868445
0.0868445
0.0277815
0.0277815
0.0583816
0.0583816
0.0928962
0.0928962
0.042214
0.042214
0.0572481
0.0572481
0.0783767
0.0783767
0.0280179
0.0280179
0.0459143
0.0459143
0.00625967
0.00625967
0.0475643
0.0475643
0.043616
0.043616
0.106433
0.106433
0.0564141
0.0564141
0.0714755
0.0714755
0.0251507
0.0251507
0.0357108
0.0357108
0.0218444
0.0218444
0.0905153
0.0905153
0.0694881
0.0694881
0.024344
0.024344
0.0434034
0.0434034
0.045445
0.045445
0.0750021
0.0750021
0.0481081
0.0481081
0.0391775
0.0391775
0.0516691
0.0516691
0.0510472
0.0510472
0.152096
0.152096
0.0566483
0.0566483
0.0652751
0.0652751
0.156353
0.156353
0.0293835
0.0293835
0.105936
0.105936
0.0931222
0.0931222
0.043782
0.043782
0.0213423
0.0213423
0.0213334
0.0213334
0.0518578
0.0518578
0.0778909
0.0778909
0.0788632
0.0788632
0.00464411
0.00464411
0.0930788
0.0930788
0.0170248
0.0170248
0.0803037
0.0803037
0.0573313
0.0573313
0.0890156
0.0890156
0.0480001
0.0480001
0.0343004
0.0343004
0.0841389
0.0841389
0.0245664
0.0245664
0.0412598
0.0412598
0.0322664
0.0322664
0.0905167
0.0905167
0.0584717
0.0584717
0.0506516
0.0506516
0.0330424
0.0330424
0.119803
0.119803
0.0658476
0.0658476
0.0587153
0.0587153
0.039649
0.039649
0.0243166
0.0243166
0.0255916
0.0255916
0.114402
0.114402
0.0803206
0.0803206
0.0086475
0.0086475
0.0875077
0.0875077
0.0441833
0.0441833
0.0148442
0.0148442
0.0668039
0.0668039
0.0507901
0.0507901
0.0465487
0.0465487
0.080825
0.080825
0.0699212
0.0699212
0.028701
0.028701
0.0444545
0.0444545
0.062411
0.062411
0.0498978
0.0498978
0.0679603
0.0679603
0.0447542
0.0447542
0.0379004
0.0379004
0.0833625
0.0833625
0.0641615
0.0641615
0.0343976
0.0343976
0.0624868
0.0624868
0.0480627
0.0480627
0.070949
0.070949
0.0238433
0.0238433
0.0328993
0.0328993
0.0353496
0.0353496
0.0187355
0.0187355
0.0794528
0.0794528
0.0150123
0.0150123
0.0648815
0.0648815
0.0464289
0.0464289
0.0400697
0.0400697
0.0279942
0.0279942
0.0521174
0.0521174
0.0892679
0.0892679
0.0509275
0.0509275
0.0279322
0.0279322
0.00890311
0.00890311
0.0310097
0.0310097
0.0670874
0.0670874
0.160276
0.160276
0.102206
0.102206
0.0171408
0.0171408
0.0854721
0.0854721
0.046056
0.046056
0.0724147
0.0724147
0.0358908
0.0358908
0.0256306
0.0256306
0.0711347
0.0711347
0.0700587
0.0700587
0.092865
0.092865
0.0679942
0.0679942
0.0279263
0.0279263
0.0282994
0.0282994
0.0491617
0.0491617
0.0717131
0.0717131
0.0914898
0.0914898
0.0977653
0.0977653
0.0137687
0.0137687
0.0985544
0.0985544
0.0829186
0.0829186
0.0202347
0.0202347
0.0325674
0.0325674
0.0380897
0.0380897
0.0529903
0.0529903
0.0895687
0.0895687
0.134808
0.134808
0.0783949
0.0783949
0.0325132
0.0325132
0.00814916
0.00814916
0.0357852
0.0357852
0.0431433
0.0431433
0.0427321
0.0427321
0.0688821
0.0688821
0.0364873
0.0364873
0.0741526
0.0741526
0.0464055
0.0464055
0.0376898
0.0376898
0.0356062
0.0356062
0.05864
0.05864
0.088497
0.088497
0.0598891
0.0598891
0.0105108
0.0105108
0.0192616
0.0192616
0.0560884
0.0560884
0.0290137
0.0290137
0.0650231
0.0650231
0.0853824
0.0853824
0.00912922
0.00912922
0.020246
0.020246
0.091991
0.091991
0.0220762
0.0220762
0.0389814
0.0389814
0.0551779
0.0551779
0.0264676
0.0264676
0.0605847
0.0605847
0.07724
0.07724
0.0257832
0.0257832
0.0230576
0.0230576
0.0452623
0.0452623
0.0377336
0.0377336
0.0861088
0.0861088
0.0215482
0.0215482
0.0548102
0.0548102
0.0880413
0.0880413
0.0389326
0.0389326
0.0641725
0.0641725
0.0384562
0.0384562
0.0786329
0.0786329
0.0546213
0.0546213
0.0316946
0.0316946
0.0124957
0.0124957
0.0468606
0.0468606
0.0629394
0.0629394
0.0800145
0.0800145
0.0437443
0.0437443
0.111887
0.111887
0.0540163
0.0540163
0.0814314
0.0814314
0.0451457
0.0451457
0.043838
0.043838
0.029205
0.029205
0.0338262
0.0338262
0.0182096
0.0182096
0.056652
0.056652
0.033356
0.033356
0.113282
0.113282
0.054323
0.054323
0.0877078
0.0877078
0.0375682
0.0375682
0.0544438
0.0544438
0.0477119
0.0477119
0.0751892
0.0751892
0.0692129
0.0692129
0.082368
0.082368
0.0635882
0.0635882
0.0884379
0.0884379
0.0811329
0.0811329
0.0934483
0.0934483
0.0533211
0.0533211
0.0496542
0.0496542
0.0511482
0.0511482
0.0513177
0.0513177
0.0510585
0.0510585
0.0129693
0.0129693
0.0096035
0.0096035
0.044677
0.044677
0.0657309
0.0657309
0.0800399
0.0800399
0.0397111
0.0397111
0.0931858
0.0931858
0.0641828
0.0641828
0.0618507
0.0618507
0.0167414
0.0167414
0.0526653
0.0526653
0.0890493
0.0890493
0.017274
0.017274
0.0536119
0.0536119
0.0169502
0.0169502
0.052758
0.052758
0.0256199
0.0256199
0.0831263
0.0831263
0.0252864
0.0252864
0.0513952
0.0513952
0.0783534
0.0783534
0.0509654
0.0509654
0.0315767
0.0315767
0.0698697
0.0698697
0.0544789
0.0544789
0.0589661
0.0589661
0.0923064
0.0923064
0.0675133
0.0675133
0.0628895
0.0628895
0.0701366
0.0701366
0.0634409
0.0634409
0.0609423
0.0609423
0.0813901
0.0813901
0.0637969
0.0637969
0.0824604
0.0824604
0.0481585
0.0481585
0.0796284
0.0796284
0.0423
0.0423
0.0720117
0.0720117
0.0956278
0.0956278
0.0182879
0.0182879
0.0404095
0.0404095
0.0469666
0.0469666
0.0812668
0.0812668
0.0146607
0.0146607
0.0600526
0.0600526
0.0775376
0.0775376
0.0746982
0.0746982
0.0530338
0.0530338
0.0277571
0.0277571
0.085663
0.085663
0.057524
0.057524
0.0302461
0.0302461
0.0558308
0.0558308
0.0321344
0.0321344
0.027613
0.027613
0.0207896
0.0207896
0.0450607
0.0450607
0.0904987
0.0904987
0.0493418
0.0493418
0.0912011
0.0912011
0.0683065
0.0683065
0.0874715
0.0874715
0.0538196
0.0538196
0.148159
0.148159
0.0708121
0.0708121
0.0358445
0.0358445
0.0374969
0.0374969
0.0746452
0.0746452
0.0681195
0.0681195
0.0352571
0.0352571
0.0376052
0.0376052
0.0818473
0.0818473
0.117921
0.117921
0.111748
0.111748
0.100122
0.100122
0.146872
0.146872
0.115297
0.115297
0.0291836
0.0291836
0.0355364
0.0355364
0.110481
0.110481
0.0328945
0.0328945
0.113549
0.113549
0.046558
0.046558
0.0655917
0.0655917
0.0617325
0.0617325
0.0458012
0.0458012
0.0643847
0.0643847
0.0981935
0.0981935
0.0646589
0.0646589
0.162696
0.162696
0.0834269
0.0834269
0.00962741
0.00962741
0.045803
0.045803
0.117571
0.117571
0.0145413
0.0145413
0.0550436
0.0550436
0.00436238
0.00436238
0.075664
0.075664
0.0762294
0.0762294
0.0534414
0.0534414
0.0501496
0.0501496
0.0910071
0.0910071
0.0792791
0.0792791
0.162074
0.162074
0.0267634
0.0267634
0.0260423
0.0260423
0.0733119
0.0733119
0.0357475
0.0357475
0.0755336
0.0755336
0.10221
0.10221
0.0262076
0.0262076
0.0991685
0.0991685
0.0983926
0.0983926
0.0292407
0.0292407
0.100631
0.100631
0.0650955
0.0650955
0.0750349
0.0750349
0.0611935
0.0611935
0.0354075
0.0354075
0.0231801
0.0231801
0.0730716
0.0730716
0.0470484
0.0470484
0.0822066
0.0822066
0.0321096
0.0321096
0.0676523
0.0676523
0.0559507
0.0559507
0.0816083
0.0816083
0.054307
0.054307
0.0813261
0.0813261
0.0463528
0.0463528
0.0933546
0.0933546
0.0807583
0.0807583
0.0709165
0.0709165
0.0245724
0.0245724
0.0461915
0.0461915
0.0195024
0.0195024
0.0171022
0.0171022
0.0502037
0.0502037
0.108513
0.108513
