2716
3455
4178
4850
5498
6119
6705
7250
7796
8315
8821
9330
9847
10352
10878
11406
11938
12482
13021
13553
14089
14609
15112
15567
15986
16361
16673
16920
17074
17151
17144
17037
16847
16560
16189
15720
15172
14550
13841
13034
12159
11217
10195
9111
7953
6728
5467
4142
2795
1420
16
-1388
-2796
-4197
-5585
-6931
-8240
-9504
-10720
-11856
-12916
-13912
-14841
-15701
-16472
-17195
-17880
-18513
-19132
-19712
-20283
-20836
-21381
-21899
-22391
-22836
-23245
-23599
-23892
-24120
-24260
-24325
-24303
-24177
-23954
-23625
-23173
-22616
-21940
-21152
-20270
-19308
-18255
-17135
-15941
-14686
-13360
-11983
-10541
-9071
-7537
-5961
-4347
-2692
-1010
698
2419
4143
5851
7538
9194
10796
12345
13818
15210
16535
17740
18864
19880
20820
21668
22431
23134
23770
24343
24883
25374
25845
26255
26641
26987
27299
27542
27714
27813
27779
27595
27265
26786
26174
25443
24597
23667
22656
21591
20461
19311
18101
16858
15577
14267
12901
11507
10078
8598
7075
5533
3953
2364
748
-880
-2522
-4155
-5799
-7431
-9046
-10633
-12191
-13702
-15139
-16491
-17751
-18931
-19998
-20941
-21766
-22483
-23103
-23629
-24070
-24446
-24761
-25028
-25239
-25413
-25539
-25661
-25721
-25740
-25737
-25676
-25558
-25392
-25131
-24823
-24412
-23915
-23319
-22618
-21821
-20926
-19920
-18817
-17607
-16313
-14939
-13506
-12000
-10435
-8813
-7145
-5436
-3701
-1948
-180
1601
3381
5144
6859
8548
10210
11794
13310
14754
16103
17355
18507
19557
20507
21333
22055
22672
23178
23584
23895
24129
24280
24360
24394
24369
24306
24195
24056
23863
23623
23340
22997
22592
22129
21598
21007
20354
19642
18878
18050
17160
16206
15175
14091
12940
11715
10430
9075
7657
6196
4689
3130
1546
-81
-1712
-3376
-5037
-6710
-8361
-9988
-11583
-13111
-14578
-15962
-17278
-18478
-19568
-20563
-21433
-22196
-22850
-23391
-23819
-24143
-24359
-24468
-24497
-24420
-24267
-24033
-23734
-23367
-22944
-22479
-21970
-21430
-20852
-20248
-19597
-18917
-18198
-17433
-16622
-15775
-14871
-13935
-12940
-11911
-10826
-9715
-8567
-7389
-6169
-4926
-3649
-2366
-1058
269
1609
2946
4285
5611
6913
8196
9435
10627
11771
12847
13863
14809
15672
16449
17157
17745
18285
18725
19067
19335
19512
19605
19610
19534
19393
19165
18868
18506
18074
17596
17060
16477
15847
15178
14470
13731
12957
12166
11329
10486
9610
8728
7822
6895
5956
5006
4044
3076
2100
1133
160
-802
-1764
-2706
-3630
-4529
-5409
-6248
-7071
-7846
-8581
-9276
-9927
-10508
-11053
-11533
-11949
-12313
-12616
-12857
-13028
-13131
-13174
-13163
-13083
-12941
-12745
-12495
-12190
-11835
-11432
-10978
-10488
-9953
-9377
-8762
-8122
-7447
-6750
-6022
-5269
-4523
-3751
-2981
-2206
-1439
-674
82
841
1586
2318
3032
3742
4424
5084
5703
6297
6853
7365
7825
8258
8627
8958
9226
9452
9617
9748
9825
9860
9838
9773
9652
9482
9261
8998
8686
8333
7934
7504
7020
6510
5962
5395
4810
4177
3534
2889
2228
1568
904
251
-394
-1021
-1638
-2253
-2847
-3435
-4022
-4586
-5150
-5714
-6278
-6824
-7351
-7883
-8374
-8849
-9296
-9709
-10070
-10407
-10699
-10927
-11121
-11240
-11313
-11306
-11241
-11079
-10837
-10524
-10126
-9644
-9089
-8454
-7769
-7029
-6234
-5410
-4554
-3681
-2780
-1866
-938
-20
917
1832
2737
3618
4491
5315
6127
6895
7637
8342
9006
9645
10258
10856
11445
12023
12585
13152
13715
14289
14846
15397
15911
16397
16824
17182
17479
17700
17837
17881
17833
17710
17490
17198
16854
16426
15921
15347
14696
13962
13135
12236
11244
10162
9002
7768
6477
5118
3726
2310
871
-567
-2008
-3438
-4851
-6234
-7596
-8917
-10180
-11391
-12539
-13616
-14610
-15507
-16330
-17091
-17768
-18360
-18894
-19382
-19837
-20258
-20670
-21066
-21455
-21834
-22195
-22526
-22834
-23077
-23285
-23395
-23420
-23340
-23157
-22866
-22456
-21943
-21332
-20615
-19822
-18929
-17980
-16945
-15846
-14671
-13433
-12101
-10705
-9229
-7698
-6107
-4437
-2730
-969
805
2587
4361
6133
7888
9583
11217
12775
14254
15658
16951
18149
19232
20225
21147
21950
22676
23346
23937
24476
24957
25399
25802
26152
26461
26731
26958
27137
27257
27284
27233
27071
26808
26411
25894
25257
24527
23697
22788
21797
20734
19614
18440
17198
15898
14549
13165
11734
10280
8786
7272
5748
4205
2622
1010
-622
-2296
-4005
-5745
-7488
-9228
-10955
-12640
-14270
-15805
-17231
-18549
-19751
-20845
-21804
-22642
-23386
-24020
-24573
-25045
-25451
-25789
-26081
-26302
-26476
-26607
-26674
-26690
-26654
-26560
-26412
-26192
-25919
-25583
-25171
-24688
-24135
-23496
-22788
-22004
-21136
-20190
-19156
-18038
-16820
-15507
-14105
-12614
-11046
-9390
-7668
-5891
-4060
-2200
-318
1567
3445
5306
7135
8941
10685
12352
13962
15489
16920
18223
19428
20528
21496
22353
23070
23686
24191
24597
24911
25147
25309
25409
25448
25434
25389
25310
25196
25045
24855
24615
24325
23971
23533
23023
22419
21733
20972
20130
19212
18218
17128
15974
14732
13438
12081
10688
9241
7778
6282
4772
3225
1662
90
-1513
-3124
-4758
-6399
-8017
-9631
-11226
-12759
-14249
-15668
-16998
-18238
-19370
-20404
-21311
-22111
-22798
-23364
-23821
-24179
-24433
-24592
-24664
-24641
-24552
-24391
-24167
-23902
-23575
-23208
-22794
-22359
-21871
-21358
-20805
-20201
-19556
-18870
-18128
-17338
-16502
-15626
-14672
-13683
-12631
-11530
-10376
-9176
-7923
-6627
-5281
-3903
-2477
-1031
429
1916
3376
4841
6280
7692
9054
10365
11604
12797
13911
14942
15901
16779
17565
18266
18880
19398
19821
20159
20384
20540
20594
20565
20437
20244
19986
19649
19267
18809
18314
17774
17198
16589
15919
15225
14503
13762
12982
12177
11328
10465
9555
8618
7657
6669
5658
4628
3582
2526
1471
404
-657
-1703
-2753
-3787
-4812
-5823
-6789
-7740
-8654
-9532
-10358
-11143
-11872
-12548
-13153
-13690
-14176
-14587
-14925
-15194
-15393
-15524
-15577
-15569
-15475
-15343
-15121
-14839
-14507
-14111
-13659
-13163
-12620
-12021
-11393
-10724
-10025
-9307
-8556
-7784
-6992
-6177
-5361
-4537
-3701
-2869
-2033
-1198
-368
462
1275
2066
2847
3605
4345
5055
5735
6398
7009
7585
8122
8620
9068
9488
9829
10119
10360
10538
10667
10738
10757
10719
10627
10482
10301
10063
9781
9456
9099
8708
8270
7803
7301
6775
6230
5654
5059
4441
3818
3180
2533
1866
1190
509
-176
-872
-1544
-2230
-2898
-3547
-4170
-4765
-5340
-5872
-6359
-6811
-7215
-7582
-7899
-8178
-8416
-8609
-8765
-8877
-8956
-8988
-8984
-8944
-8859
-8719
-8540
-8318
-8045
-7713
-7334
-6896
-6398
-5862
-5270
-4638
-3980
-3275
-2545
-1788
-1028
-268
499
1269
2013
2754
3453
4145
4806
5450
6059
6659
7238
7809
8367
8939
9508
10080
10652
11218
11773
12307
12809
13282
13701
14070
14370
14614
14778
14884
14908
14884
14797
14651
14441
14153
13801
13365
12849
12247
11542
10747
9866
8912
7865
6764
5596
4384
3146
1904
619
-662
-1932
-3209
-4447
-5673
-6855
-7989
-9077
-10115
-11078
-11971
-12806
-13565
-14261
-14901
-15502
-16066
-16585
-17110
-17599
-18080
-18559
-19013
-19444
-19855
-20218
-20537
-20786
-20978
-21096
-21133
-21085
-20964
-20739
-20436
-20040
-19559
-18989
-18350
-17626
-16831
-15945
-14987
-13946
-12834
-11636
-10361
-9011
-7585
-6091
-4533
-2929
-1273
399
2086
3779
5447
7088
8668
10203
11659
13010
14292
15465
16549
17537
18433
19251
19994
20666
21295
21888
22448
22987
23518
24028
24539
25007
25450
25842
26186
26461
26626
26679
26611
26412
26063
25594
24984
24287
23486
22567
21583
20555
19450
18293
17069
15787
14444
13037
11570
10042
8476
6875
5254
3604
1925
244
-1451
-3141
-4845
-6522
-8190
-9825
-11423
-12952
-14405
-15781
-17067
-18250
-19335
-20303
-21171
-21953
-22635
-23239
-23775
-24264
-24673
-25025
-25338
-25603
-25821
-25987
-26094
-26158
-26164
-26112
-25997
-25816
-25563
-25242
-24852
-24376
-23818
-23192
-22477
-21673
-20808
-19854
-18802
-17663
-16438
-15115
-13716
-12217
-10667
-9022
-7338
-5612
-3846
-2046
-244
1575
3382
5194
6990
8758
10485
12174
13808
15358
16818
18167
19395
20509
21488
22340
23064
23683
24187
24606
24941
25210
25403
25552
25665
25733
25779
25780
25737
25646
25486
25235
24900
24462
23937
23313
22595
21807
20934
20002
18994
17926
16784
15582
14341
13043
11726
10373
9000
7594
6174
4722
3238
1717
173
-1401
-3009
-4634
-6258
-7866
-9462
-11019
-12518
-13948
-15312
-16586
-17777
-18868
-19851
-20736
-21522
-22209
-22759
-23239
-23610
-23896
-24084
-24191
-24227
-24214
-24137
-24017
-23841
-23647
-23390
-23103
-22773
-22394
-21972
-21483
-20943
-20332
-19659
-18930
-18150
-17310
-16416
-15470
-14470
-13419
-12314
-11154
-9948
-8671
-7332
-5956
-4536
-3063
-1568
-66
1448
2957
4448
5907
7335
8727
10076
11371
12617
13802
14909
15951
16892
17754
18513
19169
19717
20164
20494
20731
20880
20924
20891
20784
20608
20373
20076
19734
19337
18897
18414
17905
17351
16762
16137
15483
14801
14078
13328
12548
11728
10885
10005
9075
8115
7105
6074
5013
3906
2777
1617
436
-758
-1964
-3171
-4364
-5566
-6723
-7859
-8954
-9997
-11003
-11946
-12829
-13646
-14390
-15076
-15676
-16208
-16661
-17036
-17341
-17546
-17681
-17736
-17708
-17611
-17446
-17194
-16886
-16515
-16086
-15613
-15091
-14517
-13907
-13252
-12554
-11845
-11100
-10329
-9535
-8722
-7881
-7031
-6167
-5294
-4405
-3517
-2622
-1720
-819
71
960
1845
2700
3539
4359
5158
5926
6658
7358
8029
8653
9232
9746
10229
10662
11038
11362
11630
11838
11998
12083
12129
12111
12044
11921
11740
11508
11229
10908
10544
10133
9675
9183
8655
8091
7499
6874
6241
5591
4926
4242
3549
2858
2172
1484
786
93
-604
-1282
-1960
-2613
-3264
-3896
-4511
-5088
-5624
-6134
-6603
-7019
-7389
-7715
-7985
-8205
-8386
-8522
-8582
-8601
-8577
-8512
-8392
-8216
-8004
-7734
-7423
-7071
-6681
-6251
-5781
-5284
-4760
-4212
-3641
-3061
-2451
-1849
-1238
-616
2
636
1266
1882
2512
3135
3753
4374
4985
5584
6169
6750
7310
7846
8364
8872
9362
9848
10309
10755
11166
11557
11910
12209
12448
12618
12712
12734
12674
12532
12304
12016
11657
11233
10747
10210
9624
8974
8285
7530
6739
5892
5009
4065
3088
2085
1056
30
-1010
-2048
-3065
-4057
-5020
-5958
-6838
-7698
-8495
-9267
-9985
-10656
-11286
-11887
-12453
-12992
-13497
-14002
-14494
-14989
-15466
-15945
-16398
-16812
-17198
-17524
-17784
-17973
-18069
-18085
-17993
-17810
-17554
-17197
-16785
-16305
-15754
-15144
-14469
-13728
-12907
-12017
-11044
-9997
-8853
-7646
-6366
-5015
-3627
-2192
-725
746
2206
3655
5095
6493
7854
9148
10389
11553
12658
13672
14601
15449
16231
16934
17593
18187
18757
19293
19814
20324
20822
21295
21757
22183
22586
22926
23231
23487
23667
23783
23829
23790
23657
23415
23064
22609
22031
21344
20552
19634
18641
17556
16375
15106
13760
12354
10896
9386
7833
6254
4663
3063
1452
-142
-1737
-3319
-4883
-6400
-7895
-9329
-10716
-12032
-13273
-14440
-15528
-16513
-17421
-18227
-18959
-19601
-20170
-20692
-21141
-21544
-21904
-22224
-22507
-22762
-22993
-23185
-23355
-23479
-23574
-23613
-23587
-23507
-23358
-23124
-22830
-22451
-21978
-21421
-20776
-20046
-19231
-18339
-17359
-16297
-15161
-13956
-12684
-11356
-9993
-8590
-7152
-5684
-4188
-2671
-1134
449
2035
3654
5278
6895
8507
10083
11614
13076
14470
15779
16980
18081
19072
19954
20746
21445
22055
22575
23036
23436
23790
24092
24353
24582
24775
24944
25059
25119
25080
24948
24694
24331
23857
23271
22589
21825
20965
20048
19063
18021
16922
15768
14558
13315
12029
10700
9334
7925
6487
5025
3521
1990
435
-1139
-2729
-4339
-5954
-7544
-9128
-10677
-12186
-13642
-15014
-16311
-17521
-18614
-19600
-20466
-21233
-21894
-22434
-22883
-23242
-23505
-23699
-23809
-23871
-23868
-23820
-23721
-23604
-23437
-23244
-23031
-22785
-22511
-22198
-21842
-21430
-20973
-20433
-19825
-19132
-18348
-17469
-16509
-15471
-14344
-13149
-11906
-10603
-9248
-7865
-6454
-5005
-3537
-2044
-523
1013
2547
4102
5645
7178
8676
10134
11519
12852
14093
15244
16304
17255
18089
18831
19459
19997
20433
20775
21016
21185
21262
21272
21217
21099
20922
20715
20458
20161
19822
19468
19067
18637
18154
17628
17057
16434
15746
15003
14205
13347
12441
11482
10464
9408
8321
7176
6000
4809
3602
2357
1104
-165
-1434
-2702
-3973
-5229
-6479
-7706
-8902
-10075
-11190
-12266
-13285
-14246
-15127
-15934
-16675
-17319
-17884
-18360
-18747
-19038
-19248
-19357
-19394
-19342
-19219
-19011
-18744
-18407
-18009
-17561
-17056
-16503
-15911
-15284
-14626
-13934
-13222
-12489
-11714
-10924
-10109
-9283
-8424
-7550
-6664
-5759
-4828
-3901
-2966
-2012
-1060
-100
853
1801
2747
3672
4580
5476
6339
7176
7989
8752
9469
10138
10762
11339
11864
12318
12717
13058
13340
13560
13725
13822
13856
13829
13731
13594
13378
13112
12787
12428
12003
11547
11043
10501
9920
9319
8683
8007
7329
6611
5895
5150
4391
3636
2859
2093
1332
582
-159
-880
-1588
-2264
-2927
-3554
-4175
-4751
-5310
-5834
-6335
-6791
-7220
-7609
-7958
-8256
-8516
-8711
-8870
-8968
-9018
-9020
-8964
-8865
-8726
-8531
-8302
-8036
-7719
-7372
-6991
-6572
-6118
-5643
-5118
-4586
-4015
-3425
-2812
-2200
-1573
-941
-303
335
953
1567
2175
2763
3340
3909
4466
5010
5550
6077
6598
7104
7585
8054
8488
8901
9252
9577
9843
10073
10244
10357
10419
10423
10372
10260
10083
9844
9550
9209
8797
8331
7816
7236
6616
5955
5245
4506
3734
2955
2152
1338
516
-295
-1100
-1884
-2659
-3406
-4115
-4811
-5474
-6096
-6700
-7290
-7852
-8418
-8978
-9531
-10101
-10654
-11222
-11777
-12315
-12838
-13332
-13773
-14160
-14491
-14754
-14951
-15066
-15107
-15093
-15006
-14864
-14657
-14376
-14050
-13659
-13197
-12656
-12032
-11325
-10528
-9640
-8668
-7616
-6492
-5315
-4088
-2826
-1534
-242
1057
2341
3602
4844
6044
7206
8329
9389
10396
11350
12238
13053
13809
14504
15137
15735
16275
16789
17269
17726
18150
18566
18961
19334
19679
20001
20297
20556
20786
20969
21114
21200
21235
21198
21077
20874
20566
20129
19599
18936
18164
17286
16292
15183
13979
12682
11312
9875
8361
6811
5230
3615
1985
329
-1322
-2970
-4602
-6204
-7774
-9274
-10733
-12116
-13417
-14628
-15742
-16757
-17675
-18485
-19219
-19878
-20465
-20996
-21487
-21956
-22415
-22863
-23304
-23737
-24159
-24553
-24905
-25199
-25415
-25539
-25551
-25451
-25226
-24872
-24403
-23825
-23147
-22377
-21521
-20602
-19620
-18555
-17434
-16218
-14930
-13552
-12108
-10583
-9001
-7344
-5657
-3948
-2195
-430
1323
3099
4852
6586
8274
9943
11538
13072
14531
15897
17162
18340
19392
20348
21183
21932
22590
23154
23637
24059
24432
24758
25046
25308
25530
25742
25912
26068
26168
26199
26130
25945
25634
25213
24674
24019
23269
22431
21528
20541
19512
18433
17310
16131
14926
13688
12415
11111
9774
8414
7012
5569
4090
2565
1000
-603
-2238
-3883
-5542
-7182
-8816
-10395
-11915
-13375
-14744
-16020
-17193
-18267
-19226
-20073
-20825
-21476
-22022
-22483
-22865
-23169
-23394
-23568
-23687
-23754
-23769
-23761
-23712
-23614
-23505
-23365
-23183
-22960
-22699
-22392
-22033
-21590
-21058
-20448
-19737
-18932
-18033
-17040
-15968
-14808
-13587
-12309
-10971
-9600
-8194
-6769
-5314
-3835
-2329
-800
738
2292
3848
5403
6942
8456
9922
11337
12687
13957
15147
16236
17243
18137
18929
19617
20221
20708
21109
21415
21631
21755
21802
21782
21702
21557
21360
21126
20845
20532
20195
19821
19387
18966
18484
17967
17418
16824
16174
15479
14723
13911
13035
12093
11083
10006
8879
7688
6452
5164
3824
2464
1066
-369
-1815
-3273
-4713
-6164
-7609
-9009
-10386
-11693
-12939
-14121
-15218
-16224
-17142
-17971
-18706
-19335
-19869
-20316
-20664
-20931
-21106
-21197
-21207
-21133
-20988
-20765
-20473
-20127
-19725
-19272
-18772
-18236
-17665
-17048
-16400
-15723
-15014
-14272
-13506
-12704
-11886
-11038
-10157
-9269
-8346
-7391
-6427
-5428
-4406
-3361
-2297
-1222
-128
971
2068
3159
4237
5285
6311
7314
8281
9199
10071
10900
11673
12384
13053
13642
14180
14645
15028
15342
15599
15773
15864
15876
15830
15715
15536
15297
15005
14647
14241
13791
13283
12747
12162
11538
10889
10194
9499
8751
8007
7233
6449
5643
4835
4016
3195
2371
1546
733
-78
-884
-1672
-2456
-3207
-3937
-4631
-5306
-5955
-6572
-7143
-7688
-8165
-8611
-9001
-9350
-9646
-9900
-10077
-10214
-10304
-10346
-10326
-10260
-10159
-9997
-9775
-9533
-9230
-8893
-8508
-8080
-7626
-7133
-6622
-6073
-5496
-4908
-4309
-3691
-3055
-2427
-1781
-1133
-472
182
834
1486
2130
2768
3396
4012
4613
5180
5727
6242
6705
7147
7535
7905
8223
8492
8723
8910
9053
9171
9235
9249
9213
9125
8985
8795
8554
8261
7912
7524
7085
6606
6095
5550
4974
4385
3770
3145
2500
1854
1190
540
-118
-766
-1407
-2039
-2656
-3250
-3826
-4385
-4927
-5462
-5988
-6514
-7038
-7560
-8092
-8622
-9151
-9682
-10187
-10672
-11129
-11543
-11925
-12258
-12544
-12747
-12901
-12998
-13008
-12934
-12772
-12527
-12188
-11765
-11256
-10654
-9987
-9244
-8451
-7596
-6695
-5760
-4781
-3766
-2731
-1674
-587
503
1592
2676
3747
4792
5803
6784
7705
8586
9405
10188
10910
11597
12238
12849
13417
13968
14495
15002
15483
15948
16384
16807
17207
17583
17923
18210
18478
18689
18850
18931
18957
18902
18769
18553
18255
17878
17433
16892
16280
15595
14810
13968
13032
12025
10931
9765
8524
7227
5858
4444
2977
1491
-30
-1549
-3078
-4582
-6080
-7536
-8937
-10282
-11556
-12759
-13875
-14904
-15837
-16688
-17465
-18174
-18822
-19424
-19984
-20516
-21023
-21506
-21960
-22390
-22775
-23124
-23437
-23672
-23851
-23960
-24001
-23957
-23834
-23619
-23290
-22853
-22317
-21683
-20948
-20140
-19238
-18257
-17220
-16087
-14898
-13640
-12321
-10945
-9512
-8036
-6509
-4930
-3316
-1664
12
1698
3401
5104
6774
8420
10026
11580
13056
14464
15790
17008
18130
19166
20105
20949
21705
22387
23007
23557
24060
24492
24899
25274
25632
25933
26200
26418
26590
26678
26657
26516
26236
25822
25291
24632
23887
23038
22116
21140
20098
19024
17890
16726
15517
14277
12981
11654
10284
8870
7416
5936
4429
2904
1357
-203
-1776
-3342
-4901
-6460
-8009
-9532
-11025
-12465
-13851
-15173
-16405
-17543
-18572
-19497
-20304
-21018
-21620
-22138
-22552
-22923
-23219
-23458
-23670
-23824
-23955
-24055
-24120
-24149
-24146
-24108
-24019
-23877
-23683
-23420
-23079
-22675
-22164
-21571
-20880
-20093
-19224
-18233
-17153
-15987
-14748
-13425
-12042
-10602
-9105
-7562
-5977
-4371
-2733
-1069
588
2240
3898
5530
7126
8689
10190
11639
13012
14296
15509
16621
17633
18544
19356
20067
20658
21167
21563
21869
22088
22237
22325
22366
22344
22285
22194
22068
21907
21700
21466
21177
20848
20461
20018
19524
18986
18382
17724
17012
16240
15414
14511
13554
12515
11416
10242
9008
7712
6362
4957
3519
2044
538
-986
-2522
-4076
-5646
-7196
-8724
-10221
-11674
-13062
-14394
-15645
-16795
-17856
-18808
-19675
-20429
-21061
-21599
-22032
-22378
-22616
-22750
-22809
-22776
-22664
-22476
-22221
-21905
-21549
-21142
-20694
-20214
-19712
-19160
-18604
-17997
-17368
-16690
-15983
-15234
-14441
-13596
-12713
-11786
-10825
-9821
-8790
-7724
-6630
-5502
-4352
-3173
-1966
-749
473
1711
2952
4179
5392
6601
7764
8888
9980
11001
11972
12878
13712
14472
15155
15761
16292
16734
17103
17376
17581
17700
17748
17716
17615
17441
17203
16892
16528
16118
15651
15126
14563
13962
13323
12661
11972
11247
10513
9751
8960
8166
7335
6492
5639
4777
3905
3030
2136
1239
353
-530
-1412
-2284
-3141
-3973
-4796
-5593
-6352
-7085
-7780
-8433
-9058
-9627
-10148
-10614
-11033
-11401
-11705
-11938
-12138
-12267
-12334
-12345
-12298
-12192
-12035
-11828
-11573
-11262
-10913
-10509
-10075
-9582
-9071
-8516
-7922
-7309
-6663
-6001
-5312
-4610
-3893
-3167
-2435
-1716
-1005
-285
434
1129
1817
2501
3160
3813
4445
5049
5626
6163
6672
7132
7558
7925
8255
8536
8770
8955
9089
9192
9241
9246
9209
9131
9002
8822
8597
8333
8027
7682
7302
6873
6413
5928
5406
4864
4291
3708
3098
2493
1876
1256
642
36
-563
-1149
-1719
-2285
-2843
-3387
-3932
-4463
-4997
-5514
-6046
-6549
-7059
-7541
-8006
-8446
-8853
-9224
-9572
-9868
-10126
-10329
-10496
-10600
-10646
-10629
-10536
-10371
-10125
-9796
-9396
-8922
-8379
-7782
-7112
-6401
-5639
-4859
-4041
-3204
-2355
-1497
-615
251
1130
1988
2836
3667
4484
5265
6013
6734
7419
8072
8693
9294
9865
10423
10971
11515
12044
12595
13131
13669
14196
14702
15181
15622
16020
16344
16612
16803
16898
16916
16859
16731
16523
16245
15893
15480
15000
14460
13837
13130
12351
11485
10535
9517
8405
7235
6001
4727
3403
2070
719
-646
-1989
-3333
-4660
-5955
-7205
-8428
-9609
-10734
-11784
-12764
-13670
-14499
-15248
-15916
-16518
-17059
-17548
-17999
-18419
-18820
-19211
-19598
-19989
-20362
-20723
-21064
-21359
-21610
-21803
-21932
-21952
-21889
-21723
-21464
-21087
-20626
-20059
-19417
-18672
-17852
-16957
-15999
-14964
-13849
-12647
-11385
-10046
-8638
-7167
-5629
-4034
-2401
-719
976
2673
4376
6060
7703
9295
10828
12301
13697
14982
16195
17294
18306
19212
20045
20780
21445
22030
22574
23060
23500
23903
24269
24593
24881
25123
25330
25483
25585
25613
25565
25425
25164
24785
24301
23724
23047
22266
21420
20494
19512
18463
17357
16180
14948
13669
12345
10992
9599
8185
6750
5302
3836
2333
814
-737
-2336
-3947
-5577
-7220
-8852
-10471
-12040
-13534
-14959
-16272
-17480
-18573
-19540
-20412
-21178
-21838
-22407
-22895
-23340
-23702
-24007
-24273
-24483
-24652
-24772
-24846
-24859
-24834
-24747
-24615
-24418
-24160
-23841
-23470
-23031
-22517
-21942
-21292
-20563
-19756
-18864
-17890
-16845
-15702
-14441
-13105
-11685
-10191
-8615
-6964
-5278
-3535
-1781
-3
1789
3552
5299
7029
8705
10330
11894
13378
14795
16103
17315
18418
19409
20284
21046
21701
22241
22683
23031
23289
23495
23621
23687
23703
23674
23625
23544
23431
23288
23112
22903
22641
22331
21937
21471
20931
20316
19635
18857
17990
17056
16031
14937
13755
12524
11224
9906
8532
7134
5718
4281
2816
1342
-137
-1646
-3164
-4687
-6217
-7742
-9246
-10722
-12159
-13547
-14859
-16091
-17232
-18279
-19233
-20065
-20791
-21403
-21916
-22318
-22635
-22851
-22973
-23017
-22989
-22894
-22732
-22511
-22252
-21951
-21599
-21215
-20800
-20355
-19877
-19353
-18799
-18201
-17567
-16889
-16159
-15391
-14563
-13694
-12772
-11802
-10769
-9697
-8569
-7402
-6191
-4938
-3651
-2329
-976
396
1774
3132
4508
5835
7137
8407
9624
10790
11880
12917
13872
14759
15565
16296
16945
17507
17975
18364
18672
18883
19004
19045
19004
18883
18699
18449
18116
17728
17321
16843
16342
15789
15199
14603
13958
13287
12595
11866
11110
10335
9522
8687
7815
6924
6005
5072
4113
3152
2174
1197
211
-771
-1752
-2722
-3684
-4633
-5570
-6466
-7347
-8199
-9013
-9784
-10509
-11184
-11799
-12366
-12867
-13310
-13687
-13989
-14234
-14411
-14528
-14572
-14552
-14469
-14322
-14120
-13851
-13530
-13152
-12740
-12256
-11745
-11187
-10602
-9974
-9324
-8647
-7951
-7235
-6490
-5745
-4988
-4223
-3448
-2666
-1885
-1109
-328
436
1185
1930
2667
3363
4052
4712
5357
5956
6527
7060
7557
8018
8444
8807
9123
9403
9621
9795
9901
9957
9970
9927
9847
9702
9526
9296
9034
8728
8399
8015
7607
7161
6697
6201
5682
5144
4583
4014
3431
2829
2222
1601
971
344
-295
-926
-1566
-2194
-2811
-3417
-3998
-4546
-5076
-5565
-6025
-6437
-6819
-7159
-7462
-7726
-7936
-8124
-8262
-8366
-8437
-8468
-8467
-8420
-8336
-8221
-8043
-7824
-7552
-7243
-6873
-6461
-5984
-5478
-4916
-4324
-3689
-3032
-2330
-1622
-902
-180
542
1261
1964
2656
3321
3968
4592
5181
5753
6307
6850
7375
7909
8434
8970
9499
10034
10573
11101
11612
12092
12534
12932
13277
13579
13810
13977
14085
14138
14133
14070
13947
13763
13519
13194
12796
12320
11761
11117
10385
9579
8667
7691
6662
5575
4450
3297
2119
933
-266
-1452
-2634
-3799
-4937
-6041
-7110
-8123
-9090
-9986
-10820
-11590
-12300
-12956
-13567
-14124
-14651
-15147
-15645
-16124
-16599
-17062
-17512
-17959
-18367
-18747
-19078
-19357
-19568
-19713
-19778
-19762
-19658
-19487
-19219
-18865
-18430
-17910
-17322
-16661
-15924
-15109
-14217
-13248
-12209
-11088
-9892
-8629
-7293
-5890
-4417
-2913
-1360
234
1814
3406
4976
6532
8018
9461
10834
12123
13326
14439
15464
16399
17232
18004
18704
19341
19935
20492
21011
21526
22023
22521
22996
23451
23884
24273
24613
24885
25069
25170
25146
24997
24733
24347
23864
23239
22529
21723
20853
19901
18886
17807
16669
15455
14176
12821
11414
9940
8433
6885
5296
3686
2072
442
-1193
-2835
-4462
-6083
-7677
-9257
-10765
-12239
-13633
-14939
-16152
-17270
-18291
-19204
-20029
-20751
-21408
-21971
-22484
-22930
-23320
-23668
-23972
-24222
-24442
-24598
-24719
-24779
-24794
-24749
-24651
-24483
-24241
-23950
-23578
-23118
-22597
-21996
-21318
-20567
-19727
-18813
-17816
-16735
-15564
-14309
-12970
-11556
-10058
-8500
-6902
-5255
-3573
-1866
-157
1550
3276
4975
6667
8342
9974
11569
13114
14582
15967
17252
18416
19479
20404
21228
21926
22513
23001
23395
23715
23960
24152
24292
24403
24470
24504
24521
24491
24424
24314
24146
23897
23555
23131
22601
21989
21293
20523
19661
18747
17751
16669
15535
14350
13105
11821
10508
9164
7814
6423
5012
3575
2119
617
-913
-2448
-4008
-5570
-7136
-8671
-10166
-11628
-13013
-14333
-15572
-16718
-17778
-18748
-19625
-20374
-21034
-21598
-22070
-22451
-22732
-22936
-23052
-23116
-23105
-23045
-22940
-22797
-22616
-22391
-22139
-21839
-21502
-21110
-20660
-20166
-19611
-18985
-18307
-17582
-16792
-15955
-15072
-14134
-13144
-12111
-11010
-9878
-8680
-7420
-6108
-4759
-3370
-1955
-506
928
2375
3795
5190
6565
7896
9188
10440
11633
12763
13840
14843
15751
16595
17336
17981
18531
18974
19315
19573
19729
19802
19789
19707
19561
19349
19087
18778
18413
18017
17576
17105
16591
16050
15467
14865
14223
13545
12848
12117
11358
10571
9740
8869
7972
7043
6072
5075
4040
2979
1895
787
-346
-1481
-2621
-3757
-4883
-5997
-7084
-8136
-9140
-10109
-11015
-11866
-12659
-13389
-14041
-14641
-15170
-15626
-16008
-16315
-16539
-16705
-16780
-16795
-16730
-16599
-16401
-16152
-15825
-15450
-15016
-14538
-14018
-13464
-12859
-12220
-11551
-10852
-10128
-9386
-8615
-7832
-7036
-6228
-5409
-4582
-3738
-2895
-2045
-1190
-347
486
1311
2134
