88095
67378.4
58122.4
109556
134266
132941
156906
463426
652329
32667.1
11773.8
100717
66016.5
38158.4
173895
362626
387480
455556
157620
321153
250862
389638
293966
497975
866230
1.39462e+06
404105
539338
800351
1.16307e+06
1.81981e+06
3.77607e+06
1.24004e+07
1.19297e+07
5.06973e+06
3.60174e+06
3.18891e+06
3.37344e+06
3.92567e+06
6.81482e+06
3.6338e+07
7.64906e+06
3.49394e+06
2.05938e+06
1.34671e+06
1.24646e+06
790155
889247
514822
430995
377309
138565
355371
126696
221101
76287.1
616750
318806
200959
311035
187948
192325
139354
73158.3
200347
345858
143303
140966
68798.8
160555
46014.1
134795
139869
100551
72555.8
45390
115794
42295.2
135495
190373
120479
159733
67679.3
77510.1
54525.2
145744
89507.7
119354
293058
41971
195762
161416
84770.3
62437.1
96912.6
93762.9
136133
264319
132598
69890.2
55383
117698
80798.7
136453
197009
1.37681e+06
114638
67843.6
70022.9
61266.1
133413
177176
280769
1.35575e+06
167020
66717.9
37415.8
18233.7
45649.8
18411
132207
146409
32809.5
37884.2
82981.3
53811.4
65273.6
49149.8
235876
94521.2
67848.9
24530.2
13859.9
19571.8
41238.8
53134.5
112633
54146.7
46228
47060.2
11196.6
12645.9
20479.6
21334.8
102279
110189
38462
36043.6
22640.9
13029.7
48194.9
50793.9
56475.1
126021
17211
26806.9
38322
25360.9
13749.6
15497.6
41235.9
72510.8
14139.1
11202.7
20594.2
8662.62
9542.44
47519.1
42345.8
46580.9
85507.9
12764.8
11478.6
3556.01
14714.4
16565.7
41024.2
55582.9
227340
56588
46186.4
32299.3
54098.8
29976.8
60545.8
168659
156281
57191.9
44371.7
12764.9
42474.2
12484.6
22294.5
97499.7
25157.5
28893.2
9613.77
9930.83
9703.54
10570.9
5434.94
22908.5
20381.5
24313.8
8522.48
10502
3166.49
4366.95
5857.19
10418.9
38306.6
22353.4
34976.3
5538.65
2551.83
1466.96
11482.8
13078.8
19211.1
22893.2
15242.5
31701.8
7994.72
13198.7
3981.4
11755.4
8112.67
18278.4
9066.79
21023.1
5964.69
11680.8
16253.1
16590.4
9930.58
27485.7
4083.38
7169.39
8808.32
10945.9
11317.8
20051.3
9637.86
12440.5
23932.4
5864.46
14528.4
7433.41
6514.51
10054.8
13143.6
9555.24
4977.87
8218.02
10647.8
5832.69
2833.14
10435.8
30834.3
2665.65
7342.95
8066.08
3187.66
10004.9
5974
4859.71
33539.3
4717.51
1841.18
12067.2
734.893
1686.58
6248.91
8415.3
14904.4
9042
3110.05
2174.7
5977.21
2847.91
3340.33
5745.93
6307.67
5181.27
7472.52
2602.49
8831.26
4190.93
4543.53
8116.51
2939.97
8412.19
2270.41
4929.36
5694.04
3590.22
224.26
5406.76
7289.39
1305.89
11545.9
2963.09
1579.25
9969.89
1136.29
4115.78
14324.9
5011.75
6922.39
1429.5
1045.4
1723.68
4955.27
1714.86
3077.7
497.951
1105.6
674.342
1219.9
1332.89
2353.58
1214.17
1761.05
2029.64
2297.73
3334.52
1342.29
1309
1400.92
2997.1
1461.13
5186.73
1889.42
690.983
1397.61
829.597
593.575
2747.78
4670.17
5927.75
2927.96
2508.19
966.807
1135.63
1376.18
1836.91
5985.99
2510.68
1273.91
398.912
427.715
724.037
534.549
801.036
4236.96
1541.5
2512.79
904.014
526.17
1200.15
1864.23
1388.86
2344.94
2888.59
1159.17
975.361
902.75
392.429
486.582
991.074
1311.46
3606.82
1547.11
721.928
372.688
421.125
939.778
1704.91
1037.76
3125.35
1357.14
834.3
1293.02
608.201
1538.83
1704.32
2074.25
471.689
1660.54
187.004
380.867
956.976
98.5516
271.72
1094.46
899.509
1349.28
432.99
183.764
236.588
670.27
323.828
406.597
670.889
557.657
1353.49
956.162
585.695
308.79
278.789
1201.01
2457.43
478.675
307.869
460.334
628.152
1035.65
708.527
504.746
1685.96
954.265
722.172
916.299
399.332
380.755
380.971
700.431
1240.63
942.093
317.088
530.066
915.019
808.607
572.231
613.835
1390.42
1299.08
721.524
612.797
323.185
543.512
615.86
828.849
650.234
898.263
413.261
577.632
913.036
739.952
583.406
1316.49
1265.73
450.754
743.171
224.678
637.998
593.089
619.223
191.715
319.174
387.057
474.089
213.63
555.409
744.569
256.271
377.752
433.548
458.477
1126.41
839.276
408.85
604.518
300.744
751.482
533.568
847.619
647.897
569.562
423.132
514.284
402.52
871.166
383.7
170.207
615.879
320.088
147.093
206.072
219.767
464.757
138.391
97.2847
546.528
392.473
565.814
358.713
479.364
569.547
324.375
483.558
285.945
395.604
206.164
303.276
145.514
331.934
507.84
336.919
631.251
275.783
301.418
549.236
234.917
300.666
222.725
929.504
256.687
520.055
171.945
465.27
396.98
752
618.273
708.717
664.777
507.915
32.4688
252.389
700.986
754.945
92.6681
551.902
266.039
243.966
174.472
774.341
337.555
296.865
112.302
568.736
868.201
288.607
305.99
1243.15
134.733
446.726
416.587
415.431
191.685
434.922
212.649
190.05
42.6409
191.147
279.136
400.504
243.315
236.952
301.356
213.727
519.229
213.941
444.147
136.04
400.437
119.362
556.443
556.819
530.432
525.139
246.803
996.236
553.237
160.173
207.746
103.118
359.712
378.974
414.043
391.206
448.901
516.632
316.446
29.7382
354.493
689.035
290.936
276.959
154.729
449.364
264.277
243.227
202.399
267.909
416.096
280.014
449.425
402.067
541.299
622.982
743.218
429.371
203.053
368.081
346.48
403.877
539.491
351.453
581.5
20.3624
188.557
115.892
477.356
296.127
241.848
530.762
470.223
483.411
243.582
160.627
137.02
365.273
698.296
334.391
375.783
99.4992
291.56
707.03
294.478
401.102
723.728
119.806
347.176
476.03
116.272
533.459
623.875
465.693
308.956
136.577
457.881
206.858
335.49
267.686
237.668
433.622
183.003
491.246
150.589
254.62
430.618
411.307
712.516
107.672
651.275
562.518
291.375
155.578
329.71
343.377
161.563
387.277
294.366
136.374
209.375
139.158
219.593
84.7952
612.001
183.017
246.843
55.1168
177.421
372.375
91.1673
382.399
189.571
311.732
399.576
333.821
216.578
27.6297
167.832
193.722
526.734
314.004
381.99
169.812
603.158
349.323
198.357
403.226
573.651
452.793
145.102
231.283
568.337
567.675
401.396
498.099
147.056
230.027
411.951
83.3835
231.752
163.765
341.261
449.316
164.726
76.5735
353.539
482.674
887.494
379.683
129.413
894.217
412.982
434.388
170.527
438.371
331.733
371.548
111.878
253.322
305.355
511.376
215.594
270.523
579.074
255.944
263.13
518.399
549.299
341.314
749.054
431.48
591.746
220.324
581.172
290.109
441.261
261.463
305.339
496.882
272.329
187.296
478.249
775.082
311.723
424.662
509.896
305.284
706.904
410.602
266.46
363.689
256.207
499.189
219.245
262.081
325.649
568.318
404.388
81.4164
183.725
483.75
386.594
186.711
157.209
87.7601
269.783
690.426
432.85
36.2718
358.479
192.866
189.53
502.673
362.451
325.6
542.896
262.224
145.732
125.952
602.5
283.882
395.129
431.336
222.377
499.436
355.088
372.59
82.5868
424.518
597.449
219.784
131.321
386.102
225.83
109.857
183.827
8.37764
271.026
488.991
327.441
560.096
157.428
86.6283
426.936
227.463
22.9272
142.478
91.0513
116.157
299.344
81.4514
375.86
468.12
244.543
316.017
190.607
242.264
384.394
60.2091
255.44
142.538
381.491
564.373
539.994
486.614
414.5
527.455
177.087
262.902
130.97
197.567
917.775
393.111
271.853
149.666
671.288
396.277
139.194
464.95
70.471
688.219
375.226
396.93
305.257
182.813
327.546
206.795
325.192
328.577
178.444
422.408
170.624
278.902
317.13
422.866
270.731
645.765
425.369
230.053
299.299
256.141
513.395
223.727
292.018
211.233
322.684
431.344
217.71
725.726
47.5088
131.905
28.5052
25.8512
571.176
522.479
145.834
184.697
305.453
215.039
102.241
333.025
176.866
164.18
242.919
99.5052
113.689
381.02
293.264
108.894
156.88
149.989
692.136
604.113
449.426
120.671
631.134
286.774
511.129
249.074
196.074
689.602
64.4864
254.985
340.061
105.94
512.722
266.505
59.6627
479.883
380.107
190.795
84.5729
310.609
358.324
307.527
662.492
581.005
215.67
107.653
96.2203
571.387
54.0775
352.918
359.562
587.436
421.332
290.24
412.788
488.297
179.579
223.491
255.973
453.573
426.421
476.453
155.684
148.421
416.037
257.448
270.291
284.587
210.828
215.332
142.742
252.681
384.305
551.236
21.9508
71.3416
223.479
77.9349
233.889
710.147
51.9555
156.754
202.683
383.387
561.537
267.639
326.509
78.4907
117.664
285.702
304.986
451.356
407.555
136.768
88.5229
292.913
167.867
229.7
513.502
95.3948
123.417
204.71
143.195
213.862
479.325
210.72
275.801
405.27
268.495
320.576
198.584
189.315
79.7146
194.094
643.003
386.775
386.308
216.481
356.801
457.089
158.74
102.159
166.125
224.177
487.64
448.725
227.145
210.561
65.6096
226.752
144.004
147.632
468.235
242.01
87.367
368.635
467.97
238.156
289.242
304.02
298.865
288.413
227.485
326.421
179.238
260.87
257.6
355.445
73.4114
240.791
137.204
94.572
365.667
100.744
211.998
215.31
479.213
210.886
77.2546
264.063
114.588
294.991
148.093
386.317
318.143
138.637
316.694
155.88
376.151
127.251
225.641
283.749
115.872
556.186
344.2
398.495
444.116
192.475
86.0707
605.918
396.062
475.053
381.132
213.686
163.881
82.8932
193.556
88.4557
223.409
357.926
392.926
273.231
90.9158
132.731
258.494
782.208
67.3036
316.087
398.095
215.988
320.758
243.479
36.117
285.963
262.541
472.777
272.54
151.637
103.939
83.9441
508.802
274.499
231.602
219.435
298.511
326.817
116.782
176.758
401.465
270.035
185.575
90.8461
331.126
463.791
172.27
46.8953
434.992
274.664
576.237
209.334
396.818
75.4132
158.368
165.417
227.846
322.23
423.1
311.464
241.066
392.705
327.405
140.985
229.173
122.953
279.985
321.441
36.1778
77.1946
508.584
346.843
212.305
315.654
470.172
157.627
318.35
70.3837
147.454
258.257
183.824
171.051
448.094
358.398
212.023
497.874
199.661
433.612
286.871
130.504
155.281
238.078
68.7689
151.145
571.743
102.502
581.456
271.773
51.4767
111.37
182.831
742.938
76.3178
150.008
310.252
213.542
387.67
160.024
470.303
458.661
271.428
276.871
452.477
204.14
150.584
180.916
335.713
266.467
145.59
386.333
320.963
278.028
285.111
180.533
167.262
304.185
297.174
176.538
109.234
104.124
317.323
291.31
207.737
116.479
245.615
454.054
153.184
497.984
337.115
212.39
216.546
388.924
271.009
176.704
199.559
296.487
214.376
337.368
94.1873
12.2675
89.8158
185.082
61.3709
240.319
251.833
248.311
644.999
77.0616
128.524
170.811
84.9547
327.09
367.339
318.18
48.7179
322.112
211.363
269.694
65.7083
105.281
258.119
170.827
311.283
156.644
80.9869
422.54
212.483
220.671
344.373
269.375
418.548
161.336
160.538
64.1441
218.077
235.031
126.653
454.815
419.319
226.546
614.089
160.993
93.4027
194.439
269.829
351.265
153.588
181.672
216.913
361.342
113.05
166.266
220.901
388.935
297.51
325.578
166.765
345.05
304.951
287.976
296.229
211.863
467.295
235.231
583.395
128.072
408.173
147.355
344.766
293.65
90.0908
240.91
523.195
290.231
213.847
376.148
399.841
349.851
112.969
115.357
139.775
104.181
341.942
178.407
226.163
199.173
457.138
267.751
249.728
383.832
552.814
245.874
501.089
156.719
209.708
100.83
247.156
519.594
172.337
368.42
475.445
138.631
318.47
442.531
74.9592
161.931
171.361
225.346
288.026
304.654
243.04
259.612
157.804
317.773
116.517
215.57
231.125
52.9346
388.486
358.507
176.223
400.968
177.077
304.13
119.253
149.147
502.656
296.997
194.27
347.488
425.83
69.2915
199.193
192.839
93.9367
156.886
318.49
389.004
19.2091
133.296
59.1511
240.655
359.99
130.489
319.727
243.107
306.021
334.368
232.999
183.114
304.747
122.256
338.549
106.961
107.983
184.031
254.765
421.168
446.62
473.484
594.949
227.665
198.488
19.5504
600.685
237.596
123.494
113.964
181.346
216.984
98.9832
155.208
186.868
106.364
117.19
293.423
67.9681
366.063
120.522
447.465
52.6382
387.273
31.9227
257.227
310.344
85.5392
170.523
263.448
234.407
278.181
47.4953
146.291
140.293
134.121
97.6476
174.476
129.568
246.16
220.478
186.052
411.269
464.736
245.827
221.714
77.23
273.669
110.862
294.034
86.2572
178.77
382.002
193.965
95.3448
372.783
288.599
118.052
272.296
131.295
193.221
299.551
192.078
125.965
231.94
343.568
288.634
183.155
58.0045
169.058
199.484
341.143
425.234
25.1614
318.511
204.259
92.5871
226.23
249.804
518.593
76.0507
61.7776
239.388
366.705
288.864
66.3277
327.101
115.571
290.217
197.268
247.355
369.975
337.506
99.178
71.3763
183.149
271.079
69.6665
332.362
235.788
159.275
492.836
316.387
16.0033
245.458
251.837
175.746
193.414
85.9899
108.119
197.293
292.339
225.891
581.353
200.872
272.023
567.017
233.977
193.686
184.635
328.366
228.749
201.654
130.442
251.969
243.283
45.243
473.715
61.1823
109.015
260.587
200.042
305.019
94.3467
84.9395
198.86
497.781
374.968
243.831
96.08
240.036
354.975
114.803
298.579
230.052
303.994
369.622
258.362
329.824
175.406
211.241
121.751
122.509
206.639
226.725
491.887
28.4107
97.2834
344.519
293.853
266.65
233.111
40.5174
64.2553
80.6757
468.239
344.637
68.7408
106.381
359.114
301.174
207.965
416.741
291.083
571.193
73.607
74.9033
208.806
113.023
300.591
192.899
225.406
247.919
138.208
483.209
225.816
164.521
345.254
64.1119
426.447
159.531
314.658
113.437
120.145
213.907
256.323
498.64
274.548
310.061
65.2191
307.485
191.233
108.28
34.7733
108.082
439.234
72.4704
140.916
258.939
142.044
270.207
590.911
330.794
129.574
172.614
297.607
80.3321
246.534
173.682
229.17
293.954
265.645
226.868
371.653
65.7918
312.156
173.89
109.914
198.897
271.351
407.818
175.26
584.678
250.506
264.59
138.954
42.4694
238.879
254.859
408.744
172.524
171.475
290.552
202.656
35.9225
115.764
195.925
148.321
421.406
340.871
246.689
304.019
310.211
169.565
151.499
196.036
246.576
297.773
506.079
334.885
130.096
351.475
43.214
278.978
392.925
314.441
343.001
169.681
192.841
37.9878
141.627
211.431
153.91
497.181
515.326
120.51
233.895
163.217
415.963
104.481
183.098
201.807
363.01
137.206
41.5274
124.253
330.342
139.997
82.8241
108.953
158.103
159.583
190.219
431.053
211.962
288.792
153
354.658
188.585
257.968
227.473
224.849
338.498
103.525
420.895
247.056
24.8319
349.525
81.3928
182.58
207.187
143.107
237.585
104.655
131.871
261.178
218.335
41.1129
292.653
112.887
51.2732
332.628
245.351
122.931
87.3411
126.862
91.4383
146.811
310.095
280.36
257.535
246.726
279.615
294.878
230.396
355.715
113.793
239.131
380.503
172.909
234.488
321.031
114.761
188.065
25.6396
194.823
178.651
435.95
231.072
292.764
103.017
146.271
89.4745
370.751
284.623
99.7132
177.78
186.143
307.209
197.051
160.471
211.637
209.089
622.986
232.031
267.367
640.42
120.355
433.912
381.429
179.331
87.418
87.3815
212.409
319.041
323.024
19.0223
381.251
69.7335
328.924
234.829
364.608
196.609
140.494
344.633
100.624
169
132.163
370.757
239.5
207.469
135.342
490.715
269.712
240.498
162.402
99.6007
104.823
468.591
328.993
35.4202
358.431
180.975
60.8018
273.629
208.036
190.663
331.059
286.397
117.559
182.086
255.635
204.381
278.365
183.313
155.24
341.453
262.806
140.893
255.946
196.865
290.607
97.6622
134.756
144.792
76.7404
325.439
61.4903
265.755
190.173
164.125
114.664
213.473
365.641
208.599
114.41
36.4671
127.016
274.79
656.49
418.636
70.2088
350.094
188.645
296.611
147.009
104.983
291.368
286.96
380.375
278.504
114.386
115.915
201.366
293.737
374.742
400.447
56.3965
403.679
339.635
82.8812
133.396
156.015
217.048
366.873
552.174
321.105
133.174
33.379
146.576
176.715
175.031
282.141
149.452
303.729
190.077
154.377
145.843
240.189
362.484
245.306
43.0522
78.8956
229.738
118.84
266.335
349.726
37.3933
82.9278
376.795
90.424
159.668
226.009
108.411
248.155
316.375
105.608
94.4439
185.394
154.557
352.702
88.2613
224.503
360.617
159.468
262.851
157.517
322.08
223.729
129.821
51.1826
191.941
257.8
327.739
179.176
458.288
221.251
333.543
184.917
179.56
119.624
138.552
74.5864
232.047
136.626
464.003
222.507
359.251
153.879
223.002
195.428
307.975
283.496
337.379
260.457
362.242
332.32
382.764
218.403
203.383
209.503
210.197
209.136
53.122
39.3359
182.997
269.234
327.843
162.657
381.689
262.893
253.341
68.5729
215.717
364.746
70.7543
219.594
69.4281
216.097
104.939
340.485
103.573
210.515
320.936
208.754
129.338
286.186
223.145
241.525
378.087
276.535
257.595
287.279
259.854
249.62
333.374
261.312
337.758
197.257
326.158
173.261
294.96
391.692
74.9074
165.517
192.375
332.869
60.05
245.976
317.594
305.964
217.227
113.693
350.875
235.618
123.888
228.683
131.623
113.103
85.1544
184.569
370.682
202.104
373.56
279.783
358.283
220.445
606.861
290.046
146.819
153.587
305.747
279.018
144.413
154.031
335.246
483.006
457.719
410.098
601.589
472.257
119.536
145.557
452.53
134.736
465.095
190.701
268.664
252.856
187.602
263.72
402.201
264.843
666.403
341.717
39.4339
187.609
481.57
59.5612
225.458
17.8683
309.92
312.236
218.896
205.413
372.765
324.727
663.854
109.623
106.669
300.286
146.422
309.386
418.652
107.346
406.194
403.016
119.77
412.186
266.631
307.343
250.649
145.029
94.9459
299.301
192.71
336.718
131.521
277.104
229.174
334.268
222.442
333.112
189.861
382.381
330.786
290.474
100.649
189.2
79.8817
70.0504
205.634
444.47
569
444.47
205.634
70.0504
79.8817
189.2
100.649
290.474
330.786
382.381
189.861
333.112
222.442
334.268
229.174
277.104
131.521
336.718
192.71
299.301
94.9459
145.029
250.649
307.343
266.631
412.186
119.77
403.016
406.194
107.346
418.652
309.386
146.422
300.286
106.669
109.623
663.854
324.727
372.765
205.413
218.896
312.236
309.92
17.8683
225.458
59.5612
481.57
187.609
39.4339
341.717
666.403
264.843
402.201
263.72
187.602
252.856
268.664
190.701
465.095
134.736
452.53
145.557
119.536
472.257
601.589
410.098
457.719
483.006
335.246
154.031
144.413
279.018
305.747
153.587
146.819
290.046
606.861
220.445
358.283
279.783
373.56
202.104
370.682
184.569
85.1544
113.103
131.623
228.683
123.888
235.618
350.875
113.693
217.227
305.964
317.594
245.976
60.05
332.869
192.375
165.517
74.9074
391.692
294.96
173.261
326.158
197.257
337.758
261.312
333.374
249.62
259.854
287.279
257.595
276.535
378.087
241.525
223.145
286.186
129.338
208.754
320.936
210.515
103.573
340.485
104.939
216.097
69.4281
219.594
70.7543
364.746
215.717
68.5729
253.341
262.893
381.689
162.657
327.843
269.234
182.997
39.3359
53.122
209.136
210.197
209.503
203.383
218.403
382.764
332.32
362.242
260.457
337.379
283.496
307.975
195.428
223.002
153.879
359.251
222.507
464.003
136.626
232.047
74.5864
138.552
119.624
179.56
184.917
333.543
221.251
458.288
179.176
327.739
257.8
191.941
51.1826
129.821
223.729
322.08
157.517
262.851
159.468
360.617
224.503
88.2613
352.702
154.557
185.394
94.4439
105.608
316.375
248.155
108.411
226.009
159.668
90.424
376.795
82.9278
37.3933
349.726
266.335
118.84
229.738
78.8956
43.0522
245.306
362.484
240.189
145.843
154.377
190.077
303.729
149.452
282.141
175.031
176.715
146.576
33.379
133.174
321.105
552.174
366.873
217.048
156.015
133.396
82.8812
339.635
403.679
56.3965
400.447
374.742
293.737
201.366
115.915
114.386
278.504
380.375
286.96
291.368
104.983
147.009
296.611
188.645
350.094
70.2088
418.636
656.49
274.79
127.016
36.4671
114.41
208.599
365.641
213.473
114.664
164.125
190.173
265.755
61.4903
325.439
76.7404
144.792
134.756
97.6622
290.607
196.865
255.946
140.893
262.806
341.453
155.24
183.313
278.365
204.381
255.635
182.086
117.559
286.397
331.059
190.663
208.036
273.629
60.8018
180.975
358.431
35.4202
328.993
468.591
104.823
99.6007
162.402
240.498
269.712
490.715
135.342
207.469
239.5
370.757
132.163
169
100.624
344.633
140.494
196.609
364.608
234.829
328.924
69.7335
381.251
19.0223
323.024
319.041
212.409
87.3815
87.418
179.331
381.429
433.912
120.355
640.42
267.367
232.031
622.986
209.089
211.637
160.471
197.051
307.209
186.143
177.78
99.7132
284.623
370.751
89.4745
146.271
103.017
292.764
231.072
435.95
178.651
194.823
25.6396
188.065
114.761
321.031
234.488
172.909
380.503
239.131
113.793
355.715
230.396
294.878
279.615
246.726
257.535
280.36
310.095
146.811
91.4383
126.862
87.3411
122.931
245.351
332.628
51.2732
112.887
292.653
41.1129
218.335
261.178
131.871
104.655
237.585
143.107
207.187
182.58
81.3928
349.525
24.8319
247.056
420.895
103.525
338.498
224.849
227.473
257.968
188.585
354.658
153
288.792
211.962
431.053
190.219
159.583
158.103
108.953
82.8241
139.997
330.342
124.253
41.5274
137.206
363.01
201.807
183.098
104.481
415.963
163.217
233.895
120.51
515.326
497.181
153.91
211.431
141.627
37.9878
192.841
169.681
343.001
314.441
392.925
278.978
43.214
351.475
130.096
334.885
506.079
297.773
246.576
196.036
151.499
169.565
310.211
304.019
246.689
340.871
421.406
148.321
195.925
115.764
35.9225
202.656
290.552
171.475
172.524
408.744
254.859
238.879
42.4694
138.954
264.59
250.506
584.678
175.26
407.818
271.351
198.897
109.914
173.89
312.156
65.7918
371.653
226.868
265.645
293.954
229.17
173.682
246.534
80.3321
297.607
172.614
129.574
330.794
590.911
270.207
142.044
258.939
140.916
72.4704
439.234
108.082
34.7733
108.28
191.233
307.485
65.2191
310.061
274.548
498.64
256.323
213.907
120.145
113.437
314.658
159.531
426.447
64.1119
345.254
164.521
225.816
483.209
138.208
247.919
225.406
192.899
300.591
113.023
208.806
74.9033
73.607
571.193
291.083
416.741
207.965
301.174
359.114
106.381
68.7408
344.637
468.239
80.6757
64.2553
40.5174
233.111
266.65
293.853
344.519
97.2834
28.4107
491.887
226.725
206.639
122.509
121.751
211.241
175.406
329.824
258.362
369.622
303.994
230.052
298.579
114.803
354.975
240.036
96.08
243.831
374.968
497.781
198.86
84.9395
94.3467
305.019
200.042
260.587
109.015
61.1823
473.715
45.243
243.283
251.969
130.442
201.654
228.749
328.366
184.635
193.686
233.977
567.017
272.023
200.872
581.353
225.891
292.339
197.293
108.119
85.9899
193.414
175.746
251.837
245.458
16.0033
316.387
492.836
159.275
235.788
332.362
69.6665
271.079
183.149
71.3763
99.178
337.506
369.975
247.355
197.268
290.217
115.571
327.101
66.3277
288.864
366.705
239.388
61.7776
76.0507
518.593
249.804
226.23
92.5871
204.259
318.511
25.1614
425.234
341.143
199.484
169.058
58.0045
183.155
288.634
343.568
231.94
125.965
192.078
299.551
193.221
131.295
272.296
118.052
288.599
372.783
95.3448
193.965
382.002
178.77
86.2572
294.034
110.862
273.669
77.23
221.714
245.827
464.736
411.269
186.052
220.478
246.16
129.568
174.476
97.6476
134.121
140.293
146.291
47.4953
278.181
234.407
263.448
170.523
85.5392
310.344
257.227
31.9227
387.273
52.6382
447.465
120.522
366.063
67.9681
293.423
117.19
106.364
186.868
155.208
98.9832
216.984
181.346
113.964
123.494
237.596
600.685
19.5504
198.488
227.665
594.949
473.484
446.62
421.168
254.765
184.031
107.983
106.961
338.549
122.256
304.747
183.114
232.999
334.368
306.021
243.107
319.727
130.489
359.99
240.655
59.1511
133.296
19.2091
389.004
318.49
156.886
93.9367
192.839
199.193
69.2915
425.83
347.488
194.27
296.997
502.656
149.147
119.253
304.13
177.077
400.968
176.223
358.507
388.486
52.9346
231.125
215.57
116.517
317.773
157.804
259.612
243.04
304.654
288.026
225.346
171.361
161.931
74.9592
442.531
318.47
138.631
475.445
368.42
172.337
519.594
247.156
100.83
209.708
156.719
501.089
245.874
552.814
383.832
249.728
267.751
457.138
199.173
226.163
178.407
341.942
104.181
139.775
115.357
112.969
349.851
399.841
376.148
213.847
290.231
523.195
240.91
90.0908
293.65
344.766
147.355
408.173
128.072
583.395
235.231
467.295
211.863
296.229
287.976
304.951
345.05
166.765
325.578
297.51
388.935
220.901
166.266
113.05
361.342
216.913
181.672
153.588
351.265
269.829
194.439
93.4027
160.993
614.089
226.546
419.319
454.815
126.653
235.031
218.077
64.1441
160.538
161.336
418.548
269.375
344.373
220.671
212.483
422.54
80.9869
156.644
311.283
170.827
258.119
105.281
65.7083
269.694
211.363
322.112
48.7179
318.18
367.339
327.09
84.9547
170.811
128.524
77.0616
644.999
248.311
251.833
240.319
61.3709
185.082
89.8158
12.2675
94.1873
337.368
214.376
296.487
199.559
176.704
271.009
388.924
216.546
212.39
337.115
497.984
153.184
454.054
245.615
116.479
207.737
291.31
317.323
104.124
109.234
176.538
297.174
304.185
167.262
180.533
285.111
278.028
320.963
386.333
145.59
266.467
335.713
180.916
150.584
204.14
452.477
276.871
271.428
458.661
470.303
160.024
387.67
213.542
310.252
150.008
76.3178
742.938
182.831
111.37
51.4767
271.773
581.456
102.502
571.743
151.145
68.7689
238.078
155.281
130.504
286.871
433.612
199.661
497.874
212.023
358.398
448.094
171.051
183.824
258.257
147.454
70.3837
318.35
157.627
470.172
315.654
212.305
346.843
508.584
77.1946
36.1778
321.441
279.985
122.953
229.173
140.985
327.405
392.705
241.066
311.464
423.1
322.23
227.846
165.417
158.368
75.4132
396.818
209.334
576.237
274.664
434.992
46.8953
172.27
463.791
331.126
90.8461
185.575
270.035
401.465
176.758
116.782
326.817
298.511
219.435
231.602
274.499
508.802
83.9441
103.939
151.637
272.54
472.777
262.541
285.963
36.117
243.479
320.758
215.988
398.095
316.087
67.3036
782.208
258.494
132.731
90.9158
273.231
392.926
357.926
223.409
88.4557
193.556
82.8932
163.881
213.686
381.132
475.053
396.062
605.918
86.0707
192.475
444.116
398.495
344.2
556.186
115.872
283.749
225.641
127.251
376.151
155.88
316.694
138.637
318.143
386.317
148.093
294.991
114.588
264.063
77.2546
210.886
479.213
215.31
211.998
100.744
365.667
94.572
137.204
240.791
73.4114
355.445
257.6
260.87
179.238
326.421
227.485
288.413
298.865
304.02
289.242
238.156
467.97
368.635
87.367
242.01
468.235
147.632
144.004
226.752
65.6096
210.561
227.145
448.725
487.64
224.177
166.125
102.159
158.74
457.089
356.801
216.481
386.308
386.775
643.003
194.094
79.7146
189.315
198.584
320.576
268.495
405.27
275.801
210.72
479.325
213.862
143.195
204.71
123.417
95.3948
513.502
229.7
167.867
292.913
88.5229
136.768
407.555
451.356
304.986
285.702
117.664
78.4907
326.509
267.639
561.537
383.387
202.683
156.754
51.9555
710.147
233.889
77.9349
223.479
71.3416
21.9508
551.236
384.305
252.681
142.742
215.332
210.828
284.587
270.291
257.448
416.037
148.421
155.684
476.453
426.421
453.573
255.973
223.491
179.579
488.297
412.788
290.24
421.332
587.436
359.562
352.918
54.0775
571.387
96.2203
107.653
215.67
581.005
662.492
307.527
358.324
310.609
84.5729
190.795
380.107
479.883
59.6627
266.505
512.722
105.94
340.061
254.985
64.4864
689.602
196.074
249.074
511.129
286.774
631.134
120.671
449.426
604.113
692.136
149.989
156.88
108.894
293.264
381.02
113.689
99.5052
242.919
164.18
176.866
333.025
102.241
215.039
305.453
184.697
145.834
522.479
571.176
25.8512
28.5052
131.905
47.5088
725.726
217.71
431.344
322.684
211.233
292.018
223.727
513.395
256.141
299.299
230.053
425.369
645.765
270.731
422.866
317.13
278.902
170.624
422.408
178.444
328.577
325.192
206.795
327.546
182.813
305.257
396.93
375.226
688.219
70.471
464.95
139.194
396.277
671.288
149.666
271.853
393.111
917.775
197.567
130.97
262.902
177.087
527.455
414.5
486.614
539.994
564.373
381.491
142.538
255.44
60.2091
384.394
242.264
190.607
316.017
244.543
468.12
375.86
81.4514
299.344
116.157
91.0513
142.478
22.9272
227.463
426.936
86.6283
157.428
560.096
327.441
488.991
271.026
8.37764
183.827
109.857
225.83
386.102
131.321
219.784
597.449
424.518
82.5868
372.59
355.088
499.436
222.377
431.336
395.129
283.882
602.5
125.952
145.732
262.224
542.896
325.6
362.451
502.673
189.53
192.866
358.479
36.2718
432.85
690.426
269.783
87.7601
157.209
186.711
386.594
483.75
183.725
81.4164
404.388
568.318
325.649
262.081
219.245
499.189
256.207
363.689
266.46
410.602
706.904
305.284
509.896
424.662
311.723
775.082
478.249
187.296
272.329
496.882
305.339
261.463
441.261
290.109
581.172
220.324
591.746
431.48
749.054
341.314
549.299
518.399
263.13
255.944
579.074
270.523
215.594
511.376
305.355
253.322
111.878
371.548
331.733
438.371
170.527
434.388
412.982
894.217
129.413
379.683
887.494
482.674
353.539
76.5735
164.726
449.316
341.261
163.765
231.752
83.3835
411.951
230.027
147.056
498.099
401.396
567.675
568.337
231.283
145.102
452.793
573.651
403.226
198.357
349.323
603.158
169.812
381.99
314.004
526.734
193.722
167.832
27.6297
216.578
333.821
399.576
311.732
189.571
382.399
91.1673
372.375
177.421
55.1168
246.843
183.017
612.001
84.7952
219.593
139.158
209.375
136.374
294.366
387.277
161.563
343.377
329.71
155.578
291.375
562.518
651.275
107.672
712.516
411.307
430.618
254.62
150.589
491.246
183.003
433.622
237.668
267.686
335.49
206.858
457.881
136.577
308.956
465.693
623.875
533.459
116.272
476.03
347.176
119.806
723.728
401.102
294.478
707.03
291.56
99.4992
375.783
334.391
698.296
365.273
137.02
160.627
243.582
483.411
470.223
530.762
241.848
296.127
477.356
115.892
188.557
20.3624
581.5
351.453
539.491
403.877
346.48
368.081
203.053
429.371
743.218
622.982
541.299
402.067
449.425
280.014
416.096
267.909
202.399
243.227
264.277
449.364
154.729
276.959
290.936
689.035
354.493
29.7382
316.446
516.632
448.901
391.206
414.043
378.974
359.712
103.118
207.746
160.173
553.237
996.236
246.803
525.139
530.432
556.819
556.443
119.362
400.437
136.04
444.147
213.941
519.229
213.727
301.356
236.952
243.315
400.504
279.136
191.147
42.6409
190.05
212.649
434.922
191.685
415.431
416.587
446.726
134.733
1243.15
305.99
288.607
868.201
568.736
112.302
296.865
337.555
774.341
174.472
243.966
266.039
551.902
92.6681
754.945
700.986
252.389
32.4688
507.915
664.777
708.717
618.273
752
396.98
465.27
171.945
520.055
256.687
929.504
222.725
300.666
234.917
549.236
301.418
275.783
631.251
336.919
507.84
331.934
145.514
303.276
206.164
395.604
285.945
483.558
324.375
569.547
479.364
358.713
565.814
392.473
546.528
97.2847
138.391
464.757
219.767
206.072
147.093
320.088
615.879
170.207
383.7
871.166
402.52
514.284
423.132
569.562
647.897
847.619
533.568
751.482
300.744
604.518
408.85
839.276
1126.41
458.477
433.548
377.752
256.271
744.569
555.409
213.63
474.089
387.057
319.174
191.715
619.223
593.089
637.998
224.678
743.171
450.754
1265.73
1316.49
583.406
739.952
913.036
577.632
413.261
898.263
650.234
828.849
615.86
543.512
323.185
612.797
721.524
1299.08
1390.42
613.835
572.231
808.607
915.019
530.066
317.088
942.093
1240.63
700.431
380.971
380.755
399.332
916.299
722.172
954.265
1685.96
504.746
708.527
1035.65
628.152
460.334
307.869
478.675
2457.43
1201.01
278.789
308.79
585.695
956.162
1353.49
557.657
670.889
406.597
323.828
670.27
236.588
183.764
432.99
1349.28
899.509
1094.46
271.72
98.5516
956.976
380.867
187.004
1660.54
471.689
2074.25
1704.32
1538.83
608.201
1293.02
834.3
1357.14
3125.35
1037.76
1704.91
939.778
421.125
372.688
721.928
1547.11
3606.82
1311.46
991.074
486.582
392.429
902.75
975.361
1159.17
2888.59
2344.94
1388.86
1864.23
1200.15
526.17
904.014
2512.79
1541.5
4236.96
801.036
534.549
724.037
427.715
398.912
1273.91
2510.68
5985.99
1836.91
1376.18
1135.63
966.807
2508.19
2927.96
5927.75
4670.17
2747.78
593.575
829.597
1397.61
690.983
1889.42
5186.73
1461.13
2997.1
1400.92
1309
1342.29
3334.52
2297.73
2029.64
1761.05
1214.17
2353.58
1332.89
1219.9
674.342
1105.6
497.951
3077.7
1714.86
4955.27
1723.68
1045.4
1429.5
6922.39
5011.75
14324.9
4115.78
1136.29
9969.89
1579.25
2963.09
11545.9
1305.89
7289.39
5406.76
224.26
3590.22
5694.04
4929.36
2270.41
8412.19
2939.97
8116.51
4543.53
4190.93
8831.26
2602.49
7472.52
5181.27
6307.67
5745.93
3340.33
2847.91
5977.21
2174.7
3110.05
9042
14904.4
8415.3
6248.91
1686.58
734.893
12067.2
1841.18
4717.51
33539.3
4859.71
5974
10004.9
3187.66
8066.08
7342.95
2665.65
30834.3
10435.8
2833.14
5832.69
10647.8
8218.02
4977.87
9555.24
13143.6
10054.8
6514.51
7433.41
14528.4
5864.46
23932.4
12440.5
9637.86
20051.3
11317.8
10945.9
8808.32
7169.39
4083.38
27485.7
9930.58
16590.4
16253.1
11680.8
5964.69
21023.1
9066.79
18278.4
8112.67
11755.4
3981.4
13198.7
7994.72
31701.8
15242.5
22893.2
19211.1
13078.8
11482.8
1466.96
2551.83
5538.65
34976.3
22353.4
38306.6
10418.9
5857.19
4366.95
3166.49
10502
8522.48
24313.8
20381.5
22908.5
5434.94
10570.9
9703.54
9930.83
9613.77
28893.2
25157.5
97499.7
22294.5
12484.6
42474.2
12764.9
44371.7
57191.9
156281
168659
60545.8
29976.8
54098.8
32299.3
46186.4
56588
227340
55582.9
41024.2
16565.7
14714.4
3556.01
11478.6
12764.8
85507.9
46580.9
42345.8
47519.1
9542.44
8662.62
20594.2
11202.7
14139.1
72510.8
41235.9
15497.6
13749.6
25360.9
38322
26806.9
17211
126021
56475.1
50793.9
48194.9
13029.7
22640.9
36043.6
38462
110189
102279
21334.8
20479.6
12645.9
11196.6
47060.2
46228
54146.7
112633
53134.5
41238.8
19571.8
13859.9
24530.2
67848.9
94521.2
235876
49149.8
65273.6
53811.4
82981.3
37884.2
32809.5
146409
132207
18411
45649.8
18233.7
37415.8
66717.9
167020
1.35575e+06
280769
177176
133413
61266.1
70022.9
67843.6
114638
1.37681e+06
197009
136453
80798.7
117698
55383
69890.2
132598
264319
136133
93762.9
96912.6
62437.1
84770.3
161416
195762
41971
293058
119354
89507.7
145744
54525.2
77510.1
67679.3
159733
120479
190373
135495
42295.2
115794
45390
72555.8
100551
139869
134795
46014.1
160555
68798.8
140966
143303
345858
200347
73158.3
139354
192325
187948
311035
200959
318806
616750
76287.1
221101
126696
355371
138565
377309
430995
514822
889247
790155
1.24646e+06
1.34671e+06
2.05938e+06
3.49394e+06
7.64906e+06
3.6338e+07
6.81482e+06
3.92567e+06
3.37344e+06
3.18891e+06
3.60174e+06
5.06973e+06
1.19297e+07
1.24004e+07
3.77607e+06
1.81981e+06
1.16307e+06
800351
539338
404105
1.39462e+06
866230
497975
293966
389638
250862
321153
157620
455556
387480
362626
173895
38158.4
66016.5
100717
11773.8
32667.1
652329
463426
156906
132941
134266
109556
58122.4
67378.4
