-88095 0

-56626.4 -13102

-132960 -18684.9

-138005 -74659.5

367179 539178

9817.71 -6498.83

-48456.7 -44834.4

-172962 -17986.8

91412.6 -376543

-30578.7 -154625

19481.5 -250104

56865.3 -288414

-328915 -801354

241012 -324367

60870.7 -798033

32596.2 -1.81952e+06

794141 -1.2375e+07

94108.3 5.06886e+06

304098 3.17438e+06

632603 3.87436e+06

5.18553e+06 3.59661e+07

-838028 -3.39195e+06

-378902 -1.29231e+06

-95636.1 -784346

-222367 464322

-101399 -363428

-144523 -324656

-143186 -168473

-84292.8 -610962

51459.3 -194259

48940.9 -181465

87431.2 -108514

-11472.2 -200019

-2240.34 -143285

-25726.8 -63807.6

-14011 -43829.1

71184.6 -120399

41532.6 -59492.7

-4743.58 -115697

-39223.4 -129694

-83649 86706.8

63995.9 -22023.1

14746.9 -52493.1

60698.8 -65782.1

-47400.4 -289200

128587 -147608

4226.78 -84664.9

59632.6 -76393.7

120319 63683.4

-131093 -19923.8

7419.69 -54883.7

-42831.8 -68511.8

43643.2 -192114

-23510.8 112201

-65888.2 -23705.6

-18822 -132078

-110645 -258048

-20237.6 165790

37277.2 3217.4

40282.3 -21476.4

37839.9 -126676

30260.1 -12680.2

44488.7 70047.5

55887.6 33722.7

230892 48231.2

14171.8 66352.4

-9638.82 9959.44

-41227 985.89

9699.91 112215

-22455.1 -40407.9

-9400.18 6082.74

-20116.4 3840.07

-27492.5 -98514.5

36256.5 12837

21480.2 7156.24

-3705.77 -48052.3

54768.4 13778.9

-1288.88 17162.7

37740.4 -6651.28

-8651.42 -10686.7

40071.7 9729.6

2359.31 -13940.9

-11138.7 17322

-9400.18 1641.56

-42214.7 3328.8

-29593.5 -80223.6

7775.66 -8443.77

6915.88 -12987.9

-220.918 -41023.6

160459 161047

40306.7 22551.1

51176.8 17538.9

59891.3 8878.62

-156281 -206.399

-44180.3 -4117.16

-25096.9 34266.7

-14952.4 16537

9969.59 -23097.8

4253.72 -8621.51

-208.467 9701.3

-895.726 -5360.62

-16934.7 11341.3

3960.26 7546.46

2627.27 -1767.51

4325.95 -3948.78

13606.1 -35808.8

-26242.8 -23122.6

-2545.31 -182.308

10097.6 -5467.4

-18.783 19211.1

15147.4 -1700.31

7892.84 1272.22

1501.61 -3687.37

7586.86 -2873.13

7585 -4967.35

-5479.2 -2357.08

13016.7 9732.8

3214.77 9395.84

-3607.54 -1913.03

4854.26 -7350.01

-11167 1841.17

-6681.98 -6945.47

12222.8 -20575.8

11620.8 8719.58

2719.19 5919.87

9221.36 9365.95

-1528.15 -4737.51

-9857.8 4024.99

-2817.57 296.567

-30752.7 2242

6992.33 2241.92

-2914.86 -1290.26

-775.369 5923.47

-2936.93 -33410.4

-1321.96 -1281.55

-95.0327 -728.722

846.629 6191.29

13132.6 7048.14

2988.11 862.35

114.285 5976.11

-2916.49 -1628.47

1092.38 -6212.36

4083.62 -6258

-4127.13 -7807.56

-4451.16 911.532

1616.71 2455.54

-125.808 -2266.92

5585.8 -1104.94

-14.3163 223.803

406.133 -7278.07

5623.25 10084

1573.75 -131.723

-1124.14 -165.706

6169.95 12928

-6673.49 -1839.57

744.12 -734.262

2286.67 -4396.11

-2502.9 -1791

-631.992 -907.16

825.161 -898.481

534.316 2292.13

1556.3 -824.163

2292.07 -161.245

-1322.11 231.828

-800.068 -1149.98

-1385.5 -464.011

-1069.07 1557.88

-683.779 -1218.91

403.776 435.082

3974.38 2452.49

-375.599 -2903.77

390.414 -884.473

-572.72 -1251.34

-5948.28 -670.907

-315.236 1234.29

-412.986 -111.279

-451.175 -286.678

2697.22 -3267.54

1364.74 -2109.89

483.288 -208.057

190.304 -1854.49

1573.18 1738.92

286.811 1123.13

-651.208 -625.208

-178.876 452.51

-1248.74 400.712

-1463.58 -501.473

248.043 278.156

-796.466 -498.824

-360.817 973.016

1357.14 -1.25598

-907.471 -921.092

517.23 -1449.29

-196.135 -2064.96

-1444.26 -819.472

340.699 -170.245

-97.7853 12.2665

1063.26 259.466

1345.11 106.01

4.87143 -183.699

640.154 -198.657

-347.748 -210.695

-196.704 -521.813

-241.044 -925.28

-260.163 -166.333

-427.243 -1122.45

432.12 -205.918

-236.385 -395.006

-118.592 -1028.84

-488.34 127.643

-921.118 249.327

870.102 -287.275

302.232 231.582

681.174 -163.114

791.493 -510.958

-484.769 -214.405

-441.888 -677.186

-221.64 572.424

-1273.82 254.934

-303.096 -532.59

-471.127 -271.006

-521.286 -644.4

264.059 -858.574

212.286 -537.209

-361.847 -645.442

777.69 -1062.23

160.19 421.329

-224.595 -6.08432

458.502 -376.206

4.51576 -191.662

-88.3581 -376.837

195.353 -86.4578

-480.669 568.631

-221.251 306.177

149.715 433.344

-173.448 -821.158

-476.791 -371.636

-202.605 -723.655

-722.875 -442.617

-361.536 -440.105

65.5458 -510.09

286.621 -822.666

-156.99 65.7621

-32.4106 -318.443

189.469 -81.0396

-383.12 263.093

96.6552 11.049

353.135 171.261

-316.395 -169.025

199.037 -533.637

-262.959 -405.809

7.06177 -395.541

-275.103 -127.652

-142.305 299.883

-331.546 -59.9309

-3.09893 -275.766

-422.726 -350.66

-238.546 -183.019

848.451 -379.617

215.739 -473.196

-444.252 -138.263

109.589 -743.972

-693.617 145.516

56.5459 -504.757

-13.0335 -252.052

-491.216 -573.279

-260.713 -486.441

-109.317 -218.103

-217.655 -743.121

-18.806 -296.269

566.83 -46.5318

267.769 107.675

-135.589 -1235.73

109.326 -433.141

224.465 -349.569

-256.179 351.468

-153.661 -111.837

-145.931 -123.455

339.283 -212.815

-192.843 -137.688

-194.753 -88.0362

72.6872 -201.214

-52.7036 125.416

-82.3185 -86.4346

-433.202 -349.834

-91.0421 -517.187

581.489 -808.923

75.2717 -141.385

0.218853 -103.117

48.5202 -375.855

294.419 257.603

-64.2235 -512.624

-19.22 -22.6926

-589.338 -357.001

-174.871 -214.77

-434.36 -115.148

-144.459 -195.681

176.775 -201.311

-277.263 -39.1538

-402.052 3.46007

208.013 -587.228

429.328 -6.03277

-367.859 -12.7706

-320.266 -246.062

-213.709 -279.011

10.3739 17.5217

18.6412 114.383

-187.692 -229.048

7.34265 -530.711

-481.087 47.3404

-151.359 -53.7728

-219.515 -291.955

-152.231 -297.73

89.2035 -44.0774

501.811 -498.073

-340.985 -211.215

-15.2337 -118.834

-128.784 -458.279

-437.263 -305.58

-199.253 -420.914

-38.7681 -130.959

-98.68 -181.803

225.9 -143.614

-368.5 228.551

63.1481 -487.171

79.8261 241.783

-122.351 392.688

4.59732 -107.574

-130.402 -547.195

-57.2252 -144.671

-74.7674 -335.138

-179.943 -342.934

-45.0642 -128.713

-124.463 -62.2406

-62.1922 -57.6399

-115.077 142.311

32.6568 44.4005

-83.2961 -362.939

-329.467 -194.115

311.101 -19.8218

-199.097 -267.95

27.4949 -2.72595

-143.821 -129.784

-200.138 -241.957

126.803 -112.948

-314.128 -152.806

-400.261 -48.803

215.197 -398.386

197.297 -120.689

-404.574 398.214

-154.994 -473.37

198.01 -117.067

-79.2667 -25.8766

16.4942 162.932

-333.793 -300.777

67.5234 -36.1123

-341.187 -341.418

-186.353 -330.805

538.858 -713.621

116.73 -418.41

-201.743 -389.19

258.766 -266.624

-45.441 -249.213

-508.166 -57.2064

-254.184 -92.5914

170.255 191.104

-253.187 -452.365

-149.601 -306.781

72.0843 -425.416

91.957 -200.216

223.144 -185.392

-82.4768 -248.114

473.803 -149.672

-11.0749 -186.968

-599.144 -491.709

-156.188 394.896

143.17 -269.63

-44.5092 -408.183

19.717 -363.154

138.285 479.653

246.395 -89.3084

413.909 -389.441

-80.8826 9.30807

-401.178 -270.315

-140.99 122.404

85.8539 -18.1916

151.07 -673.696

-35.5305 -7.29578

190.47 -30.3061

-239.633 -441.878

-325.43 -10.5425

173.249 -196.842

-41.9739 118.752

-192.873 -208.3

-431.334 1.32541

-165.143 471.343

-330.27 172.469

-360.47 -224.225

-85.8348 -202.33

-382.413 -53.2406

32.2679 105.011

3.85201 -7.43955

-323.933 366.306

-233.893 -508.922

62.023 -60.4782

-65.9258 217.7

-141.455 17.049

-113.638 -24.0615

-51.5871 63.0326

418.404 209.938

-120.074 -292.316

-233.934 -62.9829

-11.6215 -59.0768

-79.263 118.467

-216.589 -521.159

-111.753 -473.608

-497.26 175.902

-34.7781 -260.591

-100.059 -170.356

-388.235 61.7254

-140.679 -51.0815

86.1427 -386.801

-276.803 -373.576

-121.78 677.359

-250.743 -307.703

49.5552 175.968

51.0156 -200.404

-63.0929 -322.463

-217.853 -361.896

-278.831 -6.27545

-291.042 -306.774

25.2531 -645.271

-208.39 -97.458

-232.541 -107.391

186.167 -124.08

-206.448 -44.7073

-335.009 -271.711

651.891 -318.93

-82.6426 102.807

16.4601 -19.9336

-50.5217 -520.03

102.946 -153.347

36.2398 -211.963

-55.2901 -328.403

64.7935 150.854

43.7575 89.3676

-224.805 -307.634

-105.062 28.6337

148.721 19.4611

-495.01 -346.291

65.4745 -101.364

282.679 48.2886

-246.497 -35.7419

248.207 -643.385

-98.4199 -235.225

-98.5271 -38.9308

112.225 -241.724

-475.529 -64.4938

43.2431 185.83

-259.348 -170.929

-305.213 37.6522

-302.436 -496.084

87.884 62.1736

-432.515 -373.381

-343.983 78.9106

326.238 -488.518

106.852 -269.856

485.763 49.6823

34.0425 -220.883

-450.958 48.6337

38.2271 -474.917

-146.775 22.045

97.7536 238.168

-271.804 84.3367

78.8702 -200.368

-58.4892 -245.819

91.6688 -543.561

49.0466 -51.8078

73.5746 25.7027

419.545 -572.967

-23.0865 -155.045

292.492 247.86

-49.5664 -263.009

55.3991 -55.6033

-187.171 -215.854

-361.411 -270.377

-136.034 14.1435

-37.7243 -290.473

-176.321 147.218

-83.5546 -46.0304

203.434 22.8255

-136.696 -164.473

-104.098 -183.212

7.1466 -405.207

-26.1394 -319.508

-173.405 -75.9657

-89.6278 172.16

-385.985 -24.7035

-149.184 156.869

61.907 -452.878

91.1953 46.0431

101.755 -199.753

-58.3862 -444.91

89.5846 -190.553

-193.107 -118.853

-103.007 105.759

127.259 -205.85

-355.329 -98.1482

-228.088 68.517

191.517 -236.114

-111.436 266.016

-132.167 -298.467

-222 -137

130.717 330.536

-224.378 -87.3767

-84.2918 42.8807

12.981 -99.9046

168.736 -133.741

-210.823 -5.12832

-49.9452 -259.297

-145.783 -256.451

-372.591 -102.064

-135.479 29.4229

-153.545 26.8754

-115.099 -54.2679

-273.932 73.991

-432.451 -349.756

-349.738 -191.001

-81.5523 -174.344

386.739 -466.443

64.4016 -470.668

-39.2973 -210.041

-44.2026 -70.1243

22.8414 85.4557

-319.133 -162.065

-25.3741 -272.05

27.1738 -129.92

-218.291 -751.132

-296.225 -110.282

21.6139 -214.904

-167.299 -176.899

-266.732 103.096

-365.666 -299.677

120.429 -92.1454

-54.8413 -63.5535

224.788 -157.544

-171.602 -136.764

-11.2739 -326.623

170.517 46.5543

-202.612 178.515

-53.8252 73.1837

318.936 -336.722

36.8581 28.994

-128.523 242.74

-38.8125 -205.704

10.2484 74.7136

-125.023 -108.315

-29.8593 -320.844

-309.027 -38.8878

-377.186 -109.308

-132.263 48.8179

-82.0532 -91.5676

-320.486 -24.756

76.7465 -8.30569

-266.958 -221.434

-97.6835 300.159

121.331 -100.623

-16.331 -68.4629

-31.4329 -256.337

-151.904 78.6342

-355.322 -46.8551

-285.199 -408.093

-427.62 -71.8326

64.466 -113.47

80.0799 -224.206

101.815 -111.707

-66.9203 77.6418

-101.74 -252.011

-99.6555 -49.7204

-724.038 -166.509

-121.18 -88.4191

69.6416 -201.867

159.887 6.62685

-246.689 -386.671

-193.253 -198.27

203.608 14.7288

-152.574 97.2201

-182.516 -194.145

71.096 -379.734

-271.065 61.8293

-176.008 -40.1688

-251.802 -170.658

-11.57 176.159

102.236 -19.7408

-118.902 -265.939

-111.207 34.6481

-298.711 -341.961

-139.42 -478.069

-193.331 -87.9358

-305.757 -240.364

-165.264 62.5455

-266.881 -129.148

-270.707 -201.332

10.3554 6.57692

-182.372 31.5556

-239.156 23.6174

-21.9619 -247.338

-66.2277 -39.4003

-167.445 33.7423

-307.847 -110.536

-267.478 -172.32

-176.127 -269.695

-27.7615 -268.262

-104.517 12.6647

-95.0466 -141.944

55.4833 -146.489

-421.938 22.5536

-214.906 50.1092

-267.405 32.5184

105.861 -121.749

-25.896 58.6844

130.734 -195.316

-451.354 55.9956

143.955 -174.929

-117.557 -109.995

-6.75993 -194.321

-290.253 -197.839

-21.5691 -180.387

-358.315 46.6669

-91.7569 138.654

84.1665 -379.719

-318.365 -68.1526

3.13975 -345.036

-202.386 -204.865

44.9516 -207.039

-74.3613 -223.169

-121.07 41.7672

-32.9588 -143.622

-289.557 -48.8549

-227.438 79.4323

-132.662 -258.137

100.81 -362.387

208.528 280.913

20.6117 -113.5

55.109 88.4122

-154.78 -88.725

-157.325 -122.142

-185.376 -193.2

-382.691 -29.5761

-240.462 -51.3

-120.505 -100.198

-88.091 49.0579

-239.672 -461.015

-108.244 -352.16

23.7042 -136.589

-201.08 -394.209

-147.95 65.8217

49.9985 -219.729

-297.954 63.5427

-259.228 -14.1089

65.6825 310.91

-213.627 28.8774

52.4625 -7.05321

253.5 -253.505

-103.709 -387.324

-99.9946 -287.221

-123.221 -84.0322

-69.5144 -288.747

-134.545 -320.384

-69.2768 -1.42799

149.042 -122.365

-78.8057 -135.658

-322.31 -217.808

97.7777 90.5938

-129.565 -202.8

-45.3119 -122.369

-119.651 -211.624

-260.288 -209.886

-118.119 -139.924

-46.5792 -113.035

-96.3609 -46.4251

-184.014 -2.46239

-388.07 -163.658

-178.875 -438.396

62.9792 -218.78

-1.07494 19.5209

42.8708 -233.697

-30.8064 -109.721

149.261 -157.49

-90.1598 -126.336

-62.8638 -85.7989

-259.609 -136.747

-358.644 -73.3261

-379.434 -237.18

-342.585 -180.6

-90.2956 -240.858

-42.098 74.4629

-222.381 -141.251

-111.937 -254.666

98.8469 -107.845

57.2834 -121.273

-173.408 19.2798

-165.831 181.92

-129.491 -133.595

-462.932 -40.8997

213.425 60.0557

202.541 -184.042

-229.551 -183.744

-18.1618 -177.845

193.77 -8.69468

-371.193 34.3998

-115.125 -26.1246

-114.075 65.0036

-9.3368 -299.406

111.539 -58.5338

-63.8672 -337.58

-121.657 -136.914

-71.4489 -153.218

-85.0954 -330.359

19.0824 16.3999

-158.128 -129.295

-217.182 63.3411

-247.954 455.476

60.3778 -13.0765

-366.594 9.01429

16.3294 64.2863

-84.6258 78.7091

-108.525 -164.733

290.987 -228.49

-10.4647 98.6243

40.9907 -178.503

-63.5625 -28.5172

233.601 -32.0431

-471.857 -142.262

14.5079 6.7546

-217.633 -126.719

88.8998 171.772

-22.4417 105.764

-261.137 -131.414

-557.231 165.725

-264.127 -65.0649

-181.384 -147.801

-153.508 -102.593

-228.267 -14.8466

-94.3722 90.0507

-73.3945 231.948

-473.303 -19.7605

-73.7138 80.315

-174.86 -97.1634

63.1095 -70.132

-8.27116 -198.688

187.205 -324.893

-71.5822 -64.0887

-27.045 -353.943

-76.006 288.743

232.963 -195.296

-248.838 69.5034

-157.796 -76.6011

-29.4053 118.146

-87.7722 -187.072

-47.9145 -489.547

84.6067 -48.0185

-149.746 -252.835

-221.272 -73.3429

1.41521 64.2397

428.074 189.737

53.2938 43.4174

-219.842 283.958

-59.2736 199.34

-6.07228 -291.02

-6.96729 73.2765

-208.503 -11.2335

-298.837 -32.4188

-225.406 0.164288

126.556 -55.544

-208.056 87.7806

-132.59 318.78

-186.005 -383.743

-300.61 -92.9679

-115.042 34.6422

-213.348 -142.071

-224.029 -158.706

-63.0838 16.5517

-184.913 -48.7575

33.6078 -8.92741

-115.469 -423.785

120.353 73.2968

105.717 94.8694

-589.332 -43.1726

-104.773 -76.2369

-89.7613 -283.748

-194.949 -150.91

-106.011 203.176

265.645 0.53834

-95.9422 -359.056

-228.114 -213.085

7.99957 109.622

72.7514 -261.417

-142.587 -101.907

-154.356 197.3

-136.719 -24.8201

-213.83 -106.49

-229.25 -338.403

-166.215 -42.1461

-170.53 109.493

-41.9628 -107.891

-147.135 -18.7186

-256.376 -224.644

-90.3455 -290.284

-70.9371 154.013

10.8988 195.733

-297.294 16.8831

-313.634 -117.397

-105.382 -335.305

-229.987 157.907

-270.036 -161.101

100.489 136.724

19.6253 32.5257

-142.038 156.615

-11.2042 -497.055

-24.2013 118.055

-14.8149 162.543

-99.0325 -33.3007

-186.963 75.9674

58.4967 -124.112

-26.7153 -121.347

-94.5578 -103.237

80.9427 -72.9313

95.5804 -127.793

-428.631 -45.6371

-118.05 -263.562

-319.916 -153.089

-122.435 -227.063

-159.493 -158.49

90.0583 -51.0582

-56.9603 -240.4

7.83 -349.438

179.68 32.4101

-102.817 99.5406

-6.38792 -104.46

-9.05796 261.021

-38.8271 -13.5176

84.8804 74.4236

-128.576 -306.774

113.706 46.7205

-120.32 40.2127

-127.593 -72.6182

-58.8511 -274.114

-223.908 -103.629

-246.612 -161.666

-346.037 -82.4123

-238.916 10.1299

-126.621 -117.748

286.027 145.773

69.7103 174.668

-142.232 -133.14

-31.0169 434.845

158.241 -246.313

-146.002 8.87692

-360.318 87.3326

-7.58744 -99.4241

-74.6448 -170.52

65.6178 185.805

-116.786 176.497

-578.616 -230.899

-264.01 42.2356

-89.7921 80.1415

-175.619 338.594

74.1737 -46.2621

123.312 -172.95

322.788 -12.3432

-372.869 -79.5052

-279.331 -173.682

-351.842 95.6366

-137.006 -31.1115

29.9743 -96.0557

127.349 35.3466

-237.338 32.1085

-91.0235 100.16

-244.329 -114.226

-152.098 56.9256

-68.1742 -79.6254

-215.613 -248.49

300.785 194.939

-60.3344 -7.52441

-205.976 29.2039

-330.428 -20.4397

81.1635 -85.0453

-255.365 -11.7446

-192.123 -201.435

-119.827 98.696

-244.186 -97.1599

-255.575 -13.7806

-239.021 165.291

-0.644604 134.754

-29.6517 70.7804

-32.7779 52.0256

185.167 -43.3474

-105.748 44.3302

204.752 302.936

64.6576 -94.388

109.354 64.6112

-532.418 -384.07

-69.9754 -5.72001

-170.621 80.4703

53.1386 -137.069

-212.084 -199.788

-343.945 162.442

114.037 -8.92219

-179.509 91.2404

-110.704 -358.017

49.6406 -26.7651

-310.819 136.905

112.23 -72.1046

-215.892 22.3746

-524.253 -173.367

-127.304 39.1019

-135.507 -55.8792

-170.771 -38.3784

-144.485 38.2078

79.5235 -172.642

-87.507 116.673

-173.247 318.402

40.766 13.8426

-144.105 178.923

-182.646 193.842

-37.254 -3.2251

-371.965 -60.1382

23.1188 157.985

-51.1605 95.5804

58.6414 310.893

-40.6896 -85.2292

-129.066 -85.0276

-87.962 -7.26255

-208.546 -294.199

-205.495 163.897

-293.736 -132.117

39.1561 123.775

58.9422 182.667

-49.0294 -324.051

-157.597 430.339

-68.7826 -326.374

-36.6425 -175.782

42.719 -131.802

-230.113 29.894

-462.145 -41.4888

-338.653 -119.897

107.022 -195.643

29.91 -306.519

-332.785 55.4903

-307.192 -191.969

-382.754 -2.85178

-187.236 79.4196

-210.186 -2.13511

17.7345 -50.0743

89.6864 -159.512

123.699 303.611

-233.374 302.032

-234.231 -96.5254

179.853 -119.108

13.2099 69.5102

68.6998 10.0295

-55.5345 -89.0399

68.152 -77.9916

-282.56 -152.183

-110.382 67.4111

196.741 -105.293

-373.111 -61.1362

242.956 85.6035

-258.05 30.5678

-320.559 -91.5419

-32.0036 -336.238

54.4432 -321.582

-291.933 -42.149

-74.7163 -5.34687

189.121 -35.2363

29.2484 -52.4455

-263.529 -177.253

159.336 -147.646

38.8667 -348.716

97.49 -76.4459

-20.8006 -129.969

-84.9623 -5.71682

-336.165 -156.2

-255.695 -272.336

125.295 335.661

-592.53 -131.105

-146.069 -14.8198

175.594 250.296

-132.538 -57.348

-103.456 -318.884

-435.703 -140.249

-448.591 400.843

67.3524 -98.7548

-257.439 -372.168

-129.794 -446.617

-151.934 -221.577

-167.495 -84.497

324.348 -237.832

-605.645 278.005

16.8586 35.6485

-419.564 236.38

225.005 14.2984

-296.066 91.6242

-209.413 -63.7296

-351.948 -122.826

-437.765 -499.063

41.4654 98.28

124.924 76.3765

-267.583 321.976

251.719 318.797

-82.3927 -86.927

13.7888 266.274

-86.3896 235.29

30.2093 -90.0118

45.5007 -187.262

117.128 -59.8228

-205.238 -101.972

-18.9799 -221.63

189.86 -0.771025

216.104 250.436

-73.061 69.226

79.8749 -1.03976

155.97 134.01

-569 0

155.97 -134.01

79.8749 1.03976

-73.061 -69.226

216.104 -250.436

189.86 0.771025

-18.9799 221.63

-205.238 101.972

117.128 59.8228

45.5007 187.262

30.2093 90.0118

-86.3896 -235.29

13.7888 -266.274

-82.3927 86.927

251.719 -318.797

-267.583 -321.976

124.924 -76.3765

41.4654 -98.28

-437.765 499.063

-351.948 122.826

-209.413 63.7296

-296.066 -91.6242

225.005 -14.2984

-419.564 -236.38

16.8586 -35.6485

-605.645 -278.005

324.348 237.832

-167.495 84.497

-151.934 221.577

-129.794 446.617

-257.439 372.168

67.3524 98.7548

-448.591 -400.843

-435.703 140.249

-103.456 318.884

-132.538 57.348

175.594 -250.296

-146.069 14.8198

-592.53 131.105

125.295 -335.661

-255.695 272.336

-336.165 156.2

-84.9623 5.71682

-20.8006 129.969

97.49 76.4459

38.8667 348.716

159.336 147.646

-263.529 177.253

29.2484 52.4455

189.121 35.2363

-74.7163 5.34687

-291.933 42.149

54.4432 321.582

-32.0036 336.238

-320.559 91.5419

-258.05 -30.5678

242.956 -85.6035

-373.111 61.1362

196.741 105.293

-110.382 -67.4111

-282.56 152.183

68.152 77.9916

-55.5345 89.0399

68.6998 -10.0295

13.2099 -69.5102

179.853 119.108

-234.231 96.5254

-233.374 -302.032

123.699 -303.611

89.6864 159.512

17.7345 50.0743

-210.186 2.13511

-187.236 -79.4196

-382.754 2.85178

-307.192 191.969

-332.785 -55.4903

29.91 306.519

107.022 195.643

-338.653 119.897

-462.145 41.4888

-230.113 -29.894

42.719 131.802

-36.6425 175.782

-68.7826 326.374

-157.597 -430.339

-49.0294 324.051

58.9422 -182.667

39.1561 -123.775

-293.736 132.117

-205.495 -163.897

-208.546 294.199

-87.962 7.26255

-129.066 85.0276

-40.6896 85.2292

58.6414 -310.893

-51.1605 -95.5804

23.1188 -157.985

-371.965 60.1382

-37.254 3.2251

-182.646 -193.842

-144.105 -178.923

40.766 -13.8426

-173.247 -318.402

-87.507 -116.673

79.5235 172.642

-144.485 -38.2078

-170.771 38.3784

-135.507 55.8792

-127.304 -39.1019

-524.253 173.367

-215.892 -22.3746

112.23 72.1046

-310.819 -136.905

49.6406 26.7651

-110.704 358.017

-179.509 -91.2404

114.037 8.92219

-343.945 -162.442

-212.084 199.788

53.1386 137.069

-170.621 -80.4703

-69.9754 5.72001

-532.418 384.07

109.354 -64.6112

64.6576 94.388

204.752 -302.936

-105.748 -44.3302

185.167 43.3474

-32.7779 -52.0256

-29.6517 -70.7804

-0.644604 -134.754

-239.021 -165.291

-255.575 13.7806

-244.186 97.1599

-119.827 -98.696

-192.123 201.435

-255.365 11.7446

81.1635 85.0453

-330.428 20.4397

-205.976 -29.2039

-60.3344 7.52441

300.785 -194.939

-215.613 248.49

-68.1742 79.6254

-152.098 -56.9256

-244.329 114.226

-91.0235 -100.16

-237.338 -32.1085

127.349 -35.3466

29.9743 96.0557

-137.006 31.1115

-351.842 -95.6366

-279.331 173.682

-372.869 79.5052

322.788 12.3432

123.312 172.95

74.1737 46.2621

-175.619 -338.594

-89.7921 -80.1415

-264.01 -42.2356

-578.616 230.899

-116.786 -176.497

65.6178 -185.805

-74.6448 170.52

-7.58744 99.4241

-360.318 -87.3326

-146.002 -8.87692

158.241 246.313

-31.0169 -434.845

-142.232 133.14

69.7103 -174.668

286.027 -145.773

-126.621 117.748

-238.916 -10.1299

-346.037 82.4123

-246.612 161.666

-223.908 103.629

-58.8511 274.114

-127.593 72.6182

-120.32 -40.2127

113.706 -46.7205

-128.576 306.774

84.8804 -74.4236

-38.8271 13.5176

-9.05796 -261.021

-6.38792 104.46

-102.817 -99.5406

179.68 -32.4101

7.83 349.438

-56.9603 240.4

90.0583 51.0582

-159.493 158.49

-122.435 227.063

-319.916 153.089

-118.05 263.562

-428.631 45.6371

95.5804 127.793

80.9427 72.9313

-94.5578 103.237

-26.7153 121.347

58.4967 124.112

-186.963 -75.9674

-99.0325 33.3007

-14.8149 -162.543

-24.2013 -118.055

-11.2042 497.055

-142.038 -156.615

19.6253 -32.5257

100.489 -136.724

-270.036 161.101

-229.987 -157.907

-105.382 335.305

-313.634 117.397

-297.294 -16.8831

10.8988 -195.733

-70.9371 -154.013

-90.3455 290.284

-256.376 224.644

-147.135 18.7186

-41.9628 107.891

-170.53 -109.493

-166.215 42.1461

-229.25 338.403

-213.83 106.49

-136.719 24.8201

-154.356 -197.3

-142.587 101.907

72.7514 261.417

7.99957 -109.622

-228.114 213.085

-95.9422 359.056

265.645 -0.53834

-106.011 -203.176

-194.949 150.91

-89.7613 283.748

-104.773 76.2369

-589.332 43.1726

105.717 -94.8694

120.353 -73.2968

-115.469 423.785

33.6078 8.92741

-184.913 48.7575

-63.0838 -16.5517

-224.029 158.706

-213.348 142.071

-115.042 -34.6422

-300.61 92.9679

-186.005 383.743

-132.59 -318.78

-208.056 -87.7806

126.556 55.544

-225.406 -0.164288

-298.837 32.4188

-208.503 11.2335

-6.96729 -73.2765

-6.07228 291.02

-59.2736 -199.34

-219.842 -283.958

53.2938 -43.4174

428.074 -189.737

1.41521 -64.2397

-221.272 73.3429

-149.746 252.835

84.6067 48.0185

-47.9145 489.547

-87.7722 187.072

-29.4053 -118.146

-157.796 76.6011

-248.838 -69.5034

232.963 195.296

-76.006 -288.743

-27.045 353.943

-71.5822 64.0887

187.205 324.893

-8.27116 198.688

63.1095 70.132

-174.86 97.1634

-73.7138 -80.315

-473.303 19.7605

-73.3945 -231.948

-94.3722 -90.0507

-228.267 14.8466

-153.508 102.593

-181.384 147.801

-264.127 65.0649

-557.231 -165.725

-261.137 131.414

-22.4417 -105.764

88.8998 -171.772

-217.633 126.719

14.5079 -6.7546

-471.857 142.262

233.601 32.0431

-63.5625 28.5172

40.9907 178.503

-10.4647 -98.6243

290.987 228.49

-108.525 164.733

-84.6258 -78.7091

16.3294 -64.2863

-366.594 -9.01429

60.3778 13.0765

-247.954 -455.476

-217.182 -63.3411

-158.128 129.295

19.0824 -16.3999

-85.0954 330.359

-71.4489 153.218

-121.657 136.914

-63.8672 337.58

111.539 58.5338

-9.3368 299.406

-114.075 -65.0036

-115.125 26.1246

-371.193 -34.3998

193.77 8.69468

-18.1618 177.845

-229.551 183.744

202.541 184.042

213.425 -60.0557

-462.932 40.8997

-129.491 133.595

-165.831 -181.92

-173.408 -19.2798

57.2834 121.273

98.8469 107.845

-111.937 254.666

-222.381 141.251

-42.098 -74.4629

-90.2956 240.858

-342.585 180.6

-379.434 237.18

-358.644 73.3261

-259.609 136.747

-62.8638 85.7989

-90.1598 126.336

149.261 157.49

-30.8064 109.721

42.8708 233.697

-1.07494 -19.5209

62.9792 218.78

-178.875 438.396

-388.07 163.658

-184.014 2.46239

-96.3609 46.4251

-46.5792 113.035

-118.119 139.924

-260.288 209.886

-119.651 211.624

-45.3119 122.369

-129.565 202.8

97.7777 -90.5938

-322.31 217.808

-78.8057 135.658

149.042 122.365

-69.2768 1.42799

-134.545 320.384

-69.5144 288.747

-123.221 84.0322

-99.9946 287.221

-103.709 387.324

253.5 253.505

52.4625 7.05321

-213.627 -28.8774

65.6825 -310.91

-259.228 14.1089

-297.954 -63.5427

49.9985 219.729

-147.95 -65.8217

-201.08 394.209

23.7042 136.589

-108.244 352.16

-239.672 461.015

-88.091 -49.0579

-120.505 100.198

-240.462 51.3

-382.691 29.5761

-185.376 193.2

-157.325 122.142

-154.78 88.725

55.109 -88.4122

20.6117 113.5

208.528 -280.913

100.81 362.387

-132.662 258.137

-227.438 -79.4323

-289.557 48.8549

-32.9588 143.622

-121.07 -41.7672

-74.3613 223.169

44.9516 207.039

-202.386 204.865

3.13975 345.036

-318.365 68.1526

84.1665 379.719

-91.7569 -138.654

-358.315 -46.6669

-21.5691 180.387

-290.253 197.839

-6.75993 194.321

-117.557 109.995

143.955 174.929

-451.354 -55.9956

130.734 195.316

-25.896 -58.6844

105.861 121.749

-267.405 -32.5184

-214.906 -50.1092

-421.938 -22.5536

55.4833 146.489

-95.0466 141.944

-104.517 -12.6647

-27.7615 268.262

-176.127 269.695

-267.478 172.32

-307.847 110.536

-167.445 -33.7423

-66.2277 39.4003

-21.9619 247.338

-239.156 -23.6174

-182.372 -31.5556

10.3554 -6.57692

-270.707 201.332

-266.881 129.148

-165.264 -62.5455

-305.757 240.364

-193.331 87.9358

-139.42 478.069

-298.711 341.961

-111.207 -34.6481

-118.902 265.939

102.236 19.7408

-11.57 -176.159

-251.802 170.658

-176.008 40.1688

-271.065 -61.8293

71.096 379.734

-182.516 194.145

-152.574 -97.2201

203.608 -14.7288

-193.253 198.27

-246.689 386.671

159.887 -6.62685

69.6416 201.867

-121.18 88.4191

-724.038 166.509

-99.6555 49.7204

-101.74 252.011

-66.9203 -77.6418

101.815 111.707

80.0799 224.206

64.466 113.47

-427.62 71.8326

-285.199 408.093

-355.322 46.8551

-151.904 -78.6342

-31.4329 256.337

-16.331 68.4629

121.331 100.623

-97.6835 -300.159

-266.958 221.434

76.7465 8.30569

-320.486 24.756

-82.0532 91.5676

-132.263 -48.8179

-377.186 109.308

-309.027 38.8878

-29.8593 320.844

-125.023 108.315

10.2484 -74.7136

-38.8125 205.704

-128.523 -242.74

36.8581 -28.994

318.936 336.722

-53.8252 -73.1837

-202.612 -178.515

170.517 -46.5543

-11.2739 326.623

-171.602 136.764

224.788 157.544

-54.8413 63.5535

120.429 92.1454

-365.666 299.677

-266.732 -103.096

-167.299 176.899

21.6139 214.904

-296.225 110.282

-218.291 751.132

27.1738 129.92

-25.3741 272.05

-319.133 162.065

22.8414 -85.4557

-44.2026 70.1243

-39.2973 210.041

64.4016 470.668

386.739 466.443

-81.5523 174.344

-349.738 191.001

-432.451 349.756

-273.932 -73.991

-115.099 54.2679

-153.545 -26.8754

-135.479 -29.4229

-372.591 102.064

-145.783 256.451

-49.9452 259.297

-210.823 5.12832

168.736 133.741

12.981 99.9046

-84.2918 -42.8807

-224.378 87.3767

130.717 -330.536

-222 137

-132.167 298.467

-111.436 -266.016

191.517 236.114

-228.088 -68.517

-355.329 98.1482

127.259 205.85

-103.007 -105.759

-193.107 118.853

89.5846 190.553

-58.3862 444.91

101.755 199.753

91.1953 -46.0431

61.907 452.878

-149.184 -156.869

-385.985 24.7035

-89.6278 -172.16

-173.405 75.9657

-26.1394 319.508

7.1466 405.207

-104.098 183.212

-136.696 164.473

203.434 -22.8255

-83.5546 46.0304

-176.321 -147.218

-37.7243 290.473

-136.034 -14.1435

-361.411 270.377

-187.171 215.854

55.3991 55.6033

-49.5664 263.009

292.492 -247.86

-23.0865 155.045

419.545 572.967

73.5746 -25.7027

49.0466 51.8078

91.6688 543.561

-58.4892 245.819

78.8702 200.368

-271.804 -84.3367

97.7536 -238.168

-146.775 -22.045

38.2271 474.917

-450.958 -48.6337

34.0425 220.883

485.763 -49.6823

106.852 269.856

326.238 488.518

-343.983 -78.9106

-432.515 373.381

87.884 -62.1736

-302.436 496.084

-305.213 -37.6522

-259.348 170.929

43.2431 -185.83

-475.529 64.4938

112.225 241.724

-98.5271 38.9308

-98.4199 235.225

248.207 643.385

-246.497 35.7419

282.679 -48.2886

65.4745 101.364

-495.01 346.291

148.721 -19.4611

-105.062 -28.6337

-224.805 307.634

43.7575 -89.3676

64.7935 -150.854

-55.2901 328.403

36.2398 211.963

102.946 153.347

-50.5217 520.03

16.4601 19.9336

-82.6426 -102.807

651.891 318.93

-335.009 271.711

-206.448 44.7073

186.167 124.08

-232.541 107.391

-208.39 97.458

25.2531 645.271

-291.042 306.774

-278.831 6.27545

-217.853 361.896

-63.0929 322.463

51.0156 200.404

49.5552 -175.968

-250.743 307.703

-121.78 -677.359

-276.803 373.576

86.1427 386.801

-140.679 51.0815

-388.235 -61.7254

-100.059 170.356

-34.7781 260.591

-497.26 -175.902

-111.753 473.608

-216.589 521.159

-79.263 -118.467

-11.6215 59.0768

-233.934 62.9829

-120.074 292.316

418.404 -209.938

-51.5871 -63.0326

-113.638 24.0615

-141.455 -17.049

-65.9258 -217.7

62.023 60.4782

-233.893 508.922

-323.933 -366.306

3.85201 7.43955

32.2679 -105.011

-382.413 53.2406

-85.8348 202.33

-360.47 224.225

-330.27 -172.469

-165.143 -471.343

-431.334 -1.32541

-192.873 208.3

-41.9739 -118.752

173.249 196.842

-325.43 10.5425

-239.633 441.878

190.47 30.3061

-35.5305 7.29578

151.07 673.696

85.8539 18.1916

-140.99 -122.404

-401.178 270.315

-80.8826 -9.30807

413.909 389.441

246.395 89.3084

138.285 -479.653

19.717 363.154

-44.5092 408.183

143.17 269.63

-156.188 -394.896

-599.144 491.709

-11.0749 186.968

473.803 149.672

-82.4768 248.114

223.144 185.392

91.957 200.216

72.0843 425.416

-149.601 306.781

-253.187 452.365

170.255 -191.104

-254.184 92.5914

-508.166 57.2064

-45.441 249.213

258.766 266.624

-201.743 389.19

116.73 418.41

538.858 713.621

-186.353 330.805

-341.187 341.418

67.5234 36.1123

-333.793 300.777

16.4942 -162.932

-79.2667 25.8766

198.01 117.067

-154.994 473.37

-404.574 -398.214

197.297 120.689

215.197 398.386

-400.261 48.803

-314.128 152.806

126.803 112.948

-200.138 241.957

-143.821 129.784

27.4949 2.72595

-199.097 267.95

311.101 19.8218

-329.467 194.115

-83.2961 362.939

32.6568 -44.4005

-115.077 -142.311

-62.1922 57.6399

-124.463 62.2406

-45.0642 128.713

-179.943 342.934

-74.7674 335.138

-57.2252 144.671

-130.402 547.195

4.59732 107.574

-122.351 -392.688

79.8261 -241.783

63.1481 487.171

-368.5 -228.551

225.9 143.614

-98.68 181.803

-38.7681 130.959

-199.253 420.914

-437.263 305.58

-128.784 458.279

-15.2337 118.834

-340.985 211.215

501.811 498.073

89.2035 44.0774

-152.231 297.73

-219.515 291.955

-151.359 53.7728

-481.087 -47.3404

7.34265 530.711

-187.692 229.048

18.6412 -114.383

10.3739 -17.5217

-213.709 279.011

-320.266 246.062

-367.859 12.7706

429.328 6.03277

208.013 587.228

-402.052 -3.46007

-277.263 39.1538

176.775 201.311

-144.459 195.681

-434.36 115.148

-174.871 214.77

-589.338 357.001

-19.22 22.6926

-64.2235 512.624

294.419 -257.603

48.5202 375.855

0.218853 103.117

75.2717 141.385

581.489 808.923

-91.0421 517.187

-433.202 349.834

-82.3185 86.4346

-52.7036 -125.416

72.6872 201.214

-194.753 88.0362

-192.843 137.688

339.283 212.815

-145.931 123.455

-153.661 111.837

-256.179 -351.468

224.465 349.569

109.326 433.141

-135.589 1235.73

267.769 -107.675

566.83 46.5318

-18.806 296.269

-217.655 743.121

-109.317 218.103

-260.713 486.441

-491.216 573.279

-13.0335 252.052

56.5459 504.757

-693.617 -145.516

109.589 743.972

-444.252 138.263

215.739 473.196

848.451 379.617

-238.546 183.019

-422.726 350.66

-3.09893 275.766

-331.546 59.9309

-142.305 -299.883

-275.103 127.652

7.06177 395.541

-262.959 405.809

199.037 533.637

-316.395 169.025

353.135 -171.261

96.6552 -11.049

-383.12 -263.093

189.469 81.0396

-32.4106 318.443

-156.99 -65.7621

286.621 822.666

65.5458 510.09

-361.536 440.105

-722.875 442.617

-202.605 723.655

-476.791 371.636

-173.448 821.158

149.715 -433.344

-221.251 -306.177

-480.669 -568.631

195.353 86.4578

-88.3581 376.837

4.51576 191.662

458.502 376.206

-224.595 6.08432

160.19 -421.329

777.69 1062.23

-361.847 645.442

212.286 537.209

264.059 858.574

-521.286 644.4

-471.127 271.006

-303.096 532.59

-1273.82 -254.934

-221.64 -572.424

-441.888 677.186

-484.769 214.405

791.493 510.958

681.174 163.114

302.232 -231.582

870.102 287.275

-921.118 -249.327

-488.34 -127.643

-118.592 1028.84

-236.385 395.006

432.12 205.918

-427.243 1122.45

-260.163 166.333

-241.044 925.28

-196.704 521.813

-347.748 210.695

640.154 198.657

4.87143 183.699

1345.11 -106.01

1063.26 -259.466

-97.7853 -12.2665

340.699 170.245

-1444.26 819.472

-196.135 2064.96

517.23 1449.29

-907.471 921.092

1357.14 1.25598

-360.817 -973.016

-796.466 498.824

248.043 -278.156

-1463.58 501.473

-1248.74 -400.712

-178.876 -452.51

-651.208 625.208

286.811 -1123.13

1573.18 -1738.92

190.304 1854.49

483.288 208.057

1364.74 2109.89

2697.22 3267.54

-451.175 286.678

-412.986 111.279

-315.236 -1234.29

-5948.28 670.907

-572.72 1251.34

390.414 884.473

-375.599 2903.77

3974.38 -2452.49

403.776 -435.082

-683.779 1218.91

-1069.07 -1557.88

-1385.5 464.011

-800.068 1149.98

-1322.11 -231.828

2292.07 161.245

1556.3 824.163

534.316 -2292.13

825.161 898.481

-631.992 907.16

-2502.9 1791

2286.67 4396.11

744.12 734.262

-6673.49 1839.57

6169.95 -12928

-1124.14 165.706

1573.75 131.723

5623.25 -10084

406.133 7278.07

-14.3163 -223.803

5585.8 1104.94

-125.808 2266.92

1616.71 -2455.54

-4451.16 -911.532

-4127.13 7807.56

4083.62 6258

1092.38 6212.36

-2916.49 1628.47

114.285 -5976.11

2988.11 -862.35

13132.6 -7048.14

846.629 -6191.29

-95.0327 728.722

-1321.96 1281.55

-2936.93 33410.4

-775.369 -5923.47

-2914.86 1290.26

6992.33 -2241.92

-30752.7 -2242

-2817.57 -296.567

-9857.8 -4024.99

-1528.15 4737.51

9221.36 -9365.95

2719.19 -5919.87

11620.8 -8719.58

12222.8 20575.8

-6681.98 6945.47

-11167 -1841.17

4854.26 7350.01

-3607.54 1913.03

3214.77 -9395.84

13016.7 -9732.8

-5479.2 2357.08

7585 4967.35

7586.86 2873.13

1501.61 3687.37

7892.84 -1272.22

15147.4 1700.31

-18.783 -19211.1

10097.6 5467.4

-2545.31 182.308

-26242.8 23122.6

13606.1 35808.8

4325.95 3948.78

2627.27 1767.51

3960.26 -7546.46

-16934.7 -11341.3

-895.726 5360.62

-208.467 -9701.3

4253.72 8621.51

9969.59 23097.8

-14952.4 -16537

-25096.9 -34266.7

-44180.3 4117.16

-156281 206.399

59891.3 -8878.62

51176.8 -17538.9

40306.7 -22551.1

160459 -161047

-220.918 41023.6

6915.88 12987.9

7775.66 8443.77

-29593.5 80223.6

-42214.7 -3328.8

-9400.18 -1641.56

-11138.7 -17322

2359.31 13940.9

40071.7 -9729.6

-8651.42 10686.7

37740.4 6651.28

-1288.88 -17162.7

54768.4 -13778.9

-3705.77 48052.3

21480.2 -7156.24

36256.5 -12837

-27492.5 98514.5

-20116.4 -3840.07

-9400.18 -6082.74

-22455.1 40407.9

9699.91 -112215

-41227 -985.89

-9638.82 -9959.44

14171.8 -66352.4

230892 -48231.2

55887.6 -33722.7

44488.7 -70047.5

30260.1 12680.2

37839.9 126676

40282.3 21476.4

37277.2 -3217.4

-20237.6 -165790

-110645 258048

-18822 132078

-65888.2 23705.6

-23510.8 -112201

43643.2 192114

-42831.8 68511.8

7419.69 54883.7

-131093 19923.8

120319 -63683.4

59632.6 76393.7

4226.78 84664.9

128587 147608

-47400.4 289200

60698.8 65782.1

14746.9 52493.1

63995.9 22023.1

-83649 -86706.8

-39223.4 129694

-4743.58 115697

41532.6 59492.7

71184.6 120399

-14011 43829.1

-25726.8 63807.6

-2240.34 143285

-11472.2 200019

87431.2 108514

48940.9 181465

51459.3 194259

-84292.8 610962

-143186 168473

-144523 324656

-101399 363428

-222367 -464322

-95636.1 784346

-378902 1.29231e+06

-838028 3.39195e+06

5.18553e+06 -3.59661e+07

632603 -3.87436e+06

304098 -3.17438e+06

94108.3 -5.06886e+06

794141 1.2375e+07

32596.2 1.81952e+06

60870.7 798033

241012 324367

-328915 801354

56865.3 288414

19481.5 250104

-30578.7 154625

91412.6 376543

-172962 17986.8

-48456.7 44834.4

9817.71 6498.83

367179 -539178

-138005 74659.5

-132960 18684.9

-56626.4 13102

7.49065e-312 2.08616e-314

0 0

0 0

0 1.26337e-267

2.47033e-323 0

-nan 2.122e-314

7.0667e-316 0

6598 0

7104 0

7585 -7.56701e-40

0 0

0 0

0 0

0 0

9577 0

9843 0

10073 0

10244 0

10357 0

10419 0

10423 0

10372 -7.5623e-40

1.74025e-310 6.53022e-43

1.57711e-52 4.90484e-62

9844 0

9550 0

9209 0

8797 0

8331 0

7816 0

7236 0

6616 0

5955 0

5245 0

4506 0

3734 0

2955 0

2152 0

1338 0

516 0

-295 0

-1100 0

-1884 0

-2659 0

-3406 0

-4115 0

-4811 0

-5474 0

-6096 0

-6700 0

-7290 0

-7852 0

-8418 0

-8978 0

-9531 0

-10101 0

-10654 0

-11222 0

-11777 0

-12315 0

-12838 0

-13332 0

-13773 0

-14160 0

-14491 0

-14754 0

-14951 0

-15066 0

-15107 0

-15093 0

-15006 0

-14864 0

-14657 0

-14376 0

-14050 0

-13659 0

-13197 0

-12656 0

-12032 0

-11325 0

-10528 0

-9640 0

-8668 0

-7616 0

-6492 0

-5315 0

-4088 0

-2826 0

-1534 0

-242 0

1057 0

2341 0

3602 0

4844 0

6044 0

7206 0

8329 0

9389 0

10396 0

11350 0

12238 0

13053 0

13809 0

14504 0

15137 0

15735 0

16275 0

16789 0

17269 0

17726 0

18150 0

18566 0

18961 0

19334 0

19679 0

20001 0

20297 0

20556 0

20786 0

20969 0

21114 0

21200 0

21235 0

21198 0

21077 0

20874 0

20566 0

20129 0

19599 0

18936 0

18164 0

17286 0

16292 0

15183 0

13979 0

12682 0

11312 0

9875 0

8361 0

6811 0

5230 0

3615 0

1985 0

329 0

-1322 0

-2970 0

-4602 0

-6204 0

-7774 0

-9274 0

-10733 0

-12116 0

-13417 0

-14628 0

-15742 0

-16757 0

-17675 0

-18485 0

-19219 0

-19878 0

-20465 0

-20996 0

-21487 0

-21956 0

-22415 0

-22863 0

-23304 0

-23737 0

-24159 0

-24553 0

-24905 0

-25199 0

-25415 0

-25539 0

-25551 0

-25451 0

-25226 0

-24872 0

-24403 0

-23825 0

-23147 0

-22377 0

-21521 0

-20602 0

-19620 0

-18555 0

-17434 0

-16218 0

-14930 0

-13552 0

-12108 0

-10583 0

-9001 0

-7344 0

-5657 0

-3948 0

-2195 0

-430 0

1323 0

3099 0

4852 0

6586 0

8274 0

9943 0

11538 0

13072 0

14531 0

15897 0

17162 0

18340 0

19392 0

20348 0

21183 0

21932 0

22590 0

23154 0

23637 0

24059 0

24432 0

24758 0

25046 0

25308 0

25530 0

25742 0

25912 0

26068 0

26168 0

26199 0

26130 0

25945 0

25634 0

25213 0

24674 0

24019 0

23269 0

22431 0

21528 0

20541 0

19512 0

18433 0

17310 0

16131 0

14926 0

13688 0

12415 0

11111 0

9774 0

8414 0

7012 0

5569 0

4090 0

2565 0

1000 0

-603 0

-2238 0

-3883 0

-5542 0

-7182 0

-8816 0

-10395 0

-11915 0

-13375 0

-14744 0

-16020 0

-17193 0

-18267 0

-19226 0

-20073 0

-20825 0

-21476 0

-22022 0

-22483 0

-22865 0

-23169 0

-23394 0

-23568 0

-23687 0

-23754 0

-23769 0

-23761 0

-23712 0

-23614 0

-23505 0

-23365 0

-23183 0

-22960 0

-22699 0

-22392 0

-22033 0

-21590 0

-21058 0

-20448 0

-19737 0

-18932 0

-18033 0

-17040 0

-15968 0

-14808 0

-13587 0

-12309 0

-10971 0

-9600 0

-8194 0

-6769 0

-5314 0

-3835 0

-2329 0

-800 0

738 0

2292 0

3848 0

5403 0

6942 0

8456 0

9922 0

11337 0

12687 0

13957 0

15147 0

16236 0

17243 0

18137 0

18929 0

19617 0

20221 0

20708 0

21109 0

21415 0

21631 0

21755 0

21802 0

21782 0

21702 0

21557 0

21360 0

21126 0

20845 0

20532 0

20195 0

19821 0

19387 0

18966 0

18484 0

17967 0

17418 0

16824 0

16174 0

15479 0

14723 0

13911 0

13035 0

12093 0

11083 0

10006 0

8879 0

7688 0

6452 0

5164 0

3824 0

2464 0

1066 0

-369 0

-1815 0

-3273 0

-4713 0

-6164 0

-7609 0

-9009 0

-10386 0

-11693 0

-12939 0

-14121 0

-15218 0

-16224 0

-17142 0

-17971 0

-18706 0

-19335 0

-19869 0

-20316 0

-20664 0

-20931 0

-21106 0

-21197 0

-21207 0

-21133 0

-20988 0

-20765 0

-20473 0

-20127 0

-19725 0

-19272 0

-18772 0

-18236 0

-17665 0

-17048 0

-16400 0

-15723 0

-15014 0

-14272 0

-13506 0

-12704 0

-11886 0

-11038 0

-10157 0

-9269 0

-8346 0

-7391 0

-6427 0

-5428 0

-4406 0

-3361 0

-2297 0

-1222 0

-128 0

971 0

2068 0

3159 0

4237 0

5285 0

6311 0

7314 0

8281 0

9199 0

10071 0

10900 0

11673 0

12384 0

13053 0

13642 0

14180 0

14645 0

15028 0

15342 0

15599 0

15773 0

15864 0

15876 0

15830 0

15715 0

15536 0

15297 0

15005 0

14647 0

14241 0

13791 0

13283 0

12747 0

12162 0

11538 0

10889 0

10194 0

9499 0

8751 0

8007 0

7233 0

6449 0

5643 0

4835 0

4016 0

3195 0

2371 0

1546 0

733 0

-78 0

-884 0

-1672 0

-2456 0

-3207 0

-3937 0

-4631 0

-5306 0

-5955 0

-6572 0

-7143 0

-7688 0

-8165 0

-8611 0

-9001 0

-9350 0

-9646 0

-9900 0

-10077 0

-10214 0

-10304 0

-10346 0

-10326 0

-10260 0

-10159 0

-9997 0

-9775 0

-9533 0

-9230 0

-8893 0

-8508 0

-8080 0

-7626 0

-7133 0

-6622 0

-6073 0

-5496 0

-4908 0

-4309 0

-3691 0

-3055 0

-2427 0

-1781 0

-1133 0

-472 0

182 0

834 0

1486 0

2130 0

2768 0

3396 0

4012 0

4613 0

5180 0

5727 0

6242 0

6705 0

7147 0

7535 0

7905 0

8223 0

8492 0

8723 0

8910 0

9053 0

9171 0

9235 0

9249 0

9213 0

9125 0

8985 1.90489e-309

-7.59022e-40 0

8554 0

8261 0

7912 0

7524 0

7085 0

6606 0

6095 0

5550 0

4974 0

4385 0

3770 0

3145 0

2500 0

1854 0

1190 0

540 0

-118 0

-766 0

-1407 0

-2039 0

-2656 0

-3250 0

-3826 0

-4385 0

-4927 0

-5462 0

-5988 0

-6514 0

-7038 0

-7560 0

-8092 0

-8622 0

-9151 0

-9682 0

-10187 0

-10672 0

-11129 0

-11543 0

-11925 0

-12258 0

-12544 0

-12747 0

-12901 0

-12998 0

-13008 0

-12934 0

-12772 0

-12527 0

-12188 0

-11765 0

-11256 0

-10654 0

-9987 0

-9244 0

-8451 0

-7596 0

-6695 0

-5760 0

-4781 0

-3766 0

-2731 0

-1674 0

-587 0

503 0

1592 0

2676 0

3747 0

4792 0

5803 0

6784 0

7705 0

8586 0

9405 0

10188 0

10910 0

11597 0

12238 0

12849 0

13417 0

13968 0

14495 0

15002 0

15483 0

15948 0

16384 0

16807 0

17207 0

17583 0

17923 0

18210 0

18478 0

18689 0

18850 0

18931 0

18957 0

18902 0

18769 0

18553 0

18255 0

17878 0

17433 0

16892 0

16280 0

15595 0

14810 0

13968 0

13032 0

12025 0

10931 0

9765 0

8524 0

7227 0

5858 0

4444 0

2977 0

1491 0

-30 0

-1549 0

-3078 0

-4582 0

-6080 0

-7536 0

-8937 0

-10282 0

-11556 0

-12759 0

-13875 0

-14904 0

-15837 0

-16688 0

-17465 0

-18174 0

-18822 0

-19424 0

-19984 0

-20516 0

-21023 0

-21506 0

-21960 0

-22390 0

-22775 0

-23124 0

-23437 0

-23672 0

-23851 0

-23960 0

-24001 0

-23957 0

-23834 0

-23619 0

-23290 0

-22853 0

-22317 0

-21683 0

-20948 0

-20140 0

-19238 0

-18257 0

-17220 0

-16087 0

-14898 0

-13640 0

-12321 0

-10945 0

-9512 0

-8036 0

-6509 0

-4930 0

-3316 0

-1664 0

12 0

1698 0

3401 0

5104 0

6774 0

8420 0

10026 0

11580 0

13056 0

14464 0

15790 0

17008 0

18130 0

19166 0

20105 0

20949 0

21705 0

22387 0

23007 0

23557 0

24060 0

24492 0

24899 0

25274 0

25632 0

25933 0

26200 0

26418 0

26590 0

26678 0

26657 0

26516 0

26236 0

25822 0

25291 0

24632 0

23887 0

23038 0

22116 0

21140 0

20098 0

19024 0

17890 0

16726 0

15517 0

14277 0

12981 0

11654 0

10284 0

8870 0

7416 0

5936 0

4429 0

2904 0

1357 0

-203 0

-1776 0

-3342 0

-4901 0

-6460 0

-8009 0

-9532 0

-11025 0

-12465 0

-13851 0

-15173 0

-16405 0

-17543 0

-18572 0

-19497 0

-20304 0

-21018 0

-21620 0

-22138 0

-22552 0

-22923 0

-23219 0

-23458 0

-23670 0

-23824 0

-23955 0

-24055 0

-24120 0

-24149 0

-24146 0

-24108 0

-24019 0

-23877 0

-23683 0

-23420 0

-23079 0

-22675 0

-22164 0

-21571 0

-20880 0

-20093 0

-19224 0

-18233 0

-17153 0

-15987 0

-14748 0

-13425 0

-12042 0

-10602 0

-9105 0

-7562 0

-5977 0

-4371 0

-2733 0

-1069 0

588 0

2240 0

3898 0

5530 0

7126 0

8689 0

10190 0

11639 0

13012 0

14296 0

15509 0

16621 0

17633 0

18544 0

19356 0

20067 0

20658 0

21167 0

21563 0

21869 0

22088 0

22237 0

22325 0

22366 0

22344 0

22285 0

22194 0

22068 0

21907 0

21700 0

21466 0

21177 0

20848 0

20461 0

20018 0

19524 0

18986 0

18382 0

17724 0

17012 0

16240 0

15414 0

14511 0

13554 0

12515 0

11416 0

10242 0

9008 0

7712 0

6362 0

4957 0

3519 0

2044 0

538 0

-986 0

-2522 0

-4076 0

-5646 0

-7196 0

-8724 0

-10221 0

-11674 0

-13062 0

-14394 0

-15645 0

-16795 0

-17856 0

-18808 0

-19675 0

-20429 0

-21061 0

-21599 0

-22032 0

-22378 0

-22616 0

-22750 0

-22809 0

-22776 0

-22664 0

-22476 0

-22221 0

-21905 0

-21549 0

-21142 0

-20694 0

-20214 0

-19712 0

-19160 0

-18604 0

-17997 0

-17368 0

-16690 0

-15983 0

-15234 0

-14441 0

-13596 0

-12713 0

-11786 0

-10825 0

-9821 0

-8790 0

-7724 0

-6630 0

-5502 0

-4352 0

-3173 0

-1966 0

-749 0

473 0

1711 0

2952 0

4179 0

5392 0

6601 0

7764 0

8888 0

9980 0

11001 0

11972 0

12878 0

13712 0

14472 0

15155 0

15761 0

16292 0

16734 0

17103 0

17376 0

17581 0

17700 0

17748 0

17716 0

17615 0

17441 0

17203 0

16892 0

16528 0

16118 0

15651 0

15126 0

14563 0

13962 0

13323 0

12661 0

11972 0

11247 0

10513 0

9751 0

8960 0

8166 0

7335 0

6492 0

5639 0

4777 0

3905 0

3030 0

2136 0

1239 0

353 0

-530 0

-1412 0

-2284 0

-3141 0

-3973 0

-4796 0

-5593 0

-6352 0

-7085 0

-7780 0

-8433 0

-9058 0

-9627 0

-10148 0

-10614 0

-11033 0

-11401 0

-11705 0

-11938 0

-12138 0

-12267 0

-12334 0

-12345 0

-12298 0

-12192 0

-12035 0

-11828 0

-11573 0

-11262 0

-10913 0

-10509 0

-10075 0

-9582 0

-9071 0

-8516 0

-7922 0

-7309 0

-6663 0

-6001 0

-5312 0

-4610 0

-3893 0

-3167 0

-2435 0

-1716 0

-1005 0

-285 0

434 0

1129 0

1817 0

2501 0

3160 0

3813 0

4445 0

5049 0

5626 0

6163 0

6672 0

7132 0

7558 0

7925 0

8255 0

8536 0

8770 0

8955 0

9089 0

9192 0

9241 0

9246 0

9209 0

9131 0

9002 0

8822 0

8597 0

8333 0

8027 0

7682 0

7302 0

6873 0

6413 0

5928 0

5406 0

4864 0

4291 0

3708 0

3098 0

2493 0

1876 0

1256 0

642 0

36 0

-563 0

-1149 0

-1719 0

-2285 0

-2843 0

-3387 0

-3932 0

-4463 0

-4997 0

-5514 0

-6046 0

-6549 0

-7059 0

-7541 0

-8006 0

-8446 0

-8853 0

-9224 0

-9572 0

-9868 0

-10126 0

-10329 0

-10496 0

-10600 0

-10646 0

-10629 0

-10536 0

-10371 0

-10125 0

-9796 0

-9396 0

-8922 0

-8379 0

-7782 0

-7112 0

-6401 0

-5639 0

-4859 0

-4041 0

-3204 0

-2355 0

-1497 0

-615 0

251 0

1130 0

1988 0

2836 0

3667 0

4484 0

5265 0

6013 0

6734 0

7419 0

8072 0

8693 0

9294 0

9865 0

10423 0

10971 0

11515 0

12044 0

12595 0

13131 0

13669 0

14196 0

14702 0

15181 0

15622 0

16020 0

16344 0

16612 0

16803 0

16898 0

16916 0

16859 0

16731 0

16523 0

16245 0

15893 0

15480 0

15000 0

14460 0

13837 0

13130 0

12351 0

11485 0

10535 0

9517 0

8405 0

7235 0

6001 0

4727 0

3403 0

2070 0

719 0

-646 0

-1989 0

-3333 0

-4660 0

-5955 0

-7205 0

-8428 0

-9609 0

-10734 0

-11784 0

-12764 0

-13670 0

-14499 0

-15248 0

-15916 0

-16518 0

-17059 0

-17548 0

-17999 0

-18419 0

-18820 0

-19211 0

-19598 0

-19989 0

-20362 0

-20723 0

-21064 0

-21359 0

-21610 0

-21803 0

-21932 0

-21952 0

-21889 0

-21723 0

-21464 0

-21087 0

-20626 0

-20059 0

-19417 0

-18672 0

-17852 0

-16957 0

-15999 0

-14964 0

-13849 0

-12647 0

-11385 0

-10046 0

-8638 0

-7167 0

-5629 0

-4034 0

-2401 0

-719 0

976 0

2673 0

4376 0

6060 0

7703 0

9295 0

10828 0

12301 0

13697 0

14982 0

16195 0

17294 0

18306 0

19212 0

20045 0

20780 0

21445 0

22030 0

22574 0

23060 0

23500 0

23903 0

24269 0

24593 0

24881 0

25123 0

25330 0

25483 0

25585 0

25613 0

25565 0

25425 0

25164 0

24785 0

24301 0

23724 0

23047 0

22266 0

21420 0

20494 0

19512 0

18463 0

17357 0

16180 0

14948 0

13669 0

12345 0

10992 0

9599 0

8185 0

6750 0

5302 0

3836 0

2333 0

814 0

-737 0

-2336 0

-3947 0

-5577 0

-7220 0

-8852 0

-10471 0

-12040 0

-13534 0

-14959 0

-16272 0

-17480 0

-18573 0

-19540 0

-20412 0

-21178 0

-21838 0

-22407 0

-22895 0

-23340 0

-23702 0

-24007 0

-24273 0

-24483 0

-24652 0

-24772 0

-24846 0

-24859 0

-24834 0

-24747 0

-24615 0

-24418 0

-24160 0

-23841 0

-23470 0

-23031 0

-22517 0

-21942 0

-21292 0

-20563 0

-19756 0

-18864 0

-17890 0

-16845 0

-15702 0

-14441 0

-13105 0

-11685 0

-10191 0

-8615 0

-6964 0

-5278 0

-3535 0

-1781 0

-3 0

1789 0

3552 0

5299 0

7029 0

8705 0

10330 0

11894 0

13378 0

14795 0

16103 0

17315 0

18418 0

19409 0

20284 0

21046 0

21701 0

22241 0

22683 0

23031 0

23289 0

23495 0

23621 0

23687 0

23703 0

23674 0

23625 0

23544 0

23431 0

23288 0

23112 0

22903 0

22641 0

22331 0

21937 0

21471 0

20931 0

20316 0

19635 0

18857 0

17990 0

17056 0

16031 0

14937 0

13755 0

12524 0

11224 0

9906 0

8532 0

7134 0

5718 0

4281 0

2816 0

1342 0

-137 0

-1646 0

-3164 0

-4687 0

-6217 0

-7742 0

-9246 0

-10722 0

-12159 0

-13547 0

-14859 0

-16091 0

-17232 0

-18279 0

-19233 0

-20065 0

-20791 0

-21403 0

-21916 0

-22318 0

-22635 0

-22851 0

-22973 0

-23017 0

-22989 0

-22894 0

-22732 0

-22511 0

-22252 0

-21951 0

-21599 0

-21215 0

-20800 0

-20355 0

-19877 0

-19353 0

-18799 0

-18201 0

-17567 0

-16889 0

-16159 0

-15391 0

-14563 0

-13694 0

-12772 0

-11802 0

-10769 0

-9697 0

-8569 0

-7402 0

-6191 0

-4938 0

-3651 0

-2329 0

-976 0

396 0

1774 0

3132 0

4508 0

5835 0

7137 0

8407 0

9624 0

10790 0

11880 0

12917 0

13872 0

14759 0

15565 0

16296 0

16945 0

17507 0

17975 0

18364 0

18672 0

18883 0

19004 0

19045 0

19004 0

18883 0

18699 0

18449 0

18116 0

17728 0

17321 0

16843 0

16342 0

15789 0

15199 0

14603 0

13958 0

13287 0

12595 0

11866 0

11110 0

10335 0

9522 0

8687 0

7815 0

6924 0

6005 0

5072 0

4113 0

3152 0

2174 0

1197 0

211 0

-771 0

-1752 0

-2722 0

-3684 0

-4633 0

-5570 0

-6466 0

-7347 0

-8199 0

-9013 0

-9784 0

-10509 0

-11184 0

-11799 0

-12366 0

-12867 0

-13310 0

-13687 0

-13989 0

-14234 0

-14411 0

-14528 0

-14572 0

-14552 0

-14469 0

-14322 0

-14120 0

-13851 0

-13530 0

-13152 0

-12740 0

-12256 0

-11745 0

-11187 0

-10602 0

-9974 0

-9324 0

-8647 0

-7951 0

-7235 0

-6490 0

-5745 0

-4988 0

-4223 0

-3448 0

-2666 0

-1885 0

-1109 0

-328 0

436 0

1185 0

1930 0

2667 0

3363 0

4052 0

4712 0

5357 0

5956 0

6527 0

7060 0

7557 0

8018 0

8444 0

8807 0

9123 0

9403 0

9621 0

9795 0

9901 0

9957 0

9970 0

9927 0

9847 0

9702 0

9526 0

9296 0

9034 0

8728 0

8399 0

8015 0

7607 0

7161 0

6697 0

6201 0

5682 0

5144 0

4583 0

4014 0

3431 0

2829 0

2222 0

1601 0

971 0

344 0

-295 0

-926 0

-1566 0

-2194 0

-2811 0

-3417 0

-3998 0

-4546 0

-5076 0

-5565 0

-6025 0

-6437 0

-6819 0

-7159 0

-7462 0

-7726 0

-7936 0

-8124 0

-8262 0

-8366 0

-8437 0

-8468 0

-8467 0

-8420 0

-8336 0

-8221 0

-8043 0

-7824 0

-7552 0

-7243 0

-6873 0

-6461 0

-5984 0

-5478 0

-4916 0

-4324 0

-3689 0

-3032 0

-2330 0

-1622 0

-902 0

-180 0

542 0

1261 0

1964 0

2656 0

3321 0

3968 0

4592 0

5181 0

5753 0

6307 0

6850 0

7375 0

7909 0

8434 0

8970 0

9499 0

10034 0

10573 0

11101 0

11612 0

12092 0

12534 0

12932 0

13277 0

13579 0

13810 0

13977 0

14085 0

14138 0

14133 0

14070 0

13947 0

13763 0

13519 0

13194 0

12796 0

12320 0

11761 0

11117 0

10385 0

9579 0

8667 0

7691 0

6662 0

5575 0

4450 0

3297 0

2119 0

933 0

-266 0

-1452 0

-2634 0

-3799 0

-4937 0

-6041 0

-7110 0

-8123 0

-9090 0

-9986 0

-10820 0

-11590 0

-12300 0

-12956 0

-13567 0

-14124 0

-14651 0

-15147 0

-15645 0

-16124 0

-16599 0

-17062 0

-17512 0

-17959 0

-18367 0

-18747 0

-19078 0

-19357 0

-19568 0

-19713 0

-19778 0

-19762 0

-19658 0

-19487 0

-19219 0

-18865 0

-18430 0

-17910 0

-17322 0

-16661 0

-15924 0

-15109 0

-14217 0

-13248 0

-12209 0

-11088 0

-9892 0

-8629 0

-7293 0

-5890 0

-4417 0

-2913 0

-1360 0

234 0

1814 0

3406 0

4976 0

6532 0

8018 0

9461 0

10834 0

12123 0

13326 0

14439 0

15464 0

16399 0

17232 0

18004 0

18704 0

19341 0

19935 0

20492 0

21011 0

21526 0

22023 0

22521 0

22996 0

23451 0

23884 0

24273 0

24613 0

24885 0

25069 0

25170 0

25146 0

24997 0

24733 0

24347 0

23864 0

23239 0

22529 0

21723 0

20853 0

19901 0

18886 0

17807 0

16669 0

15455 0

14176 0

12821 0

11414 0

9940 0

8433 0

6885 0

5296 0

3686 0

2072 0

442 0

-1193 0

-2835 0

-4462 0

-6083 0

-7677 0

-9257 0

-10765 0

-12239 0

-13633 0

-14939 0

-16152 0

-17270 0

-18291 0

-19204 0

-20029 0

-20751 0

-21408 0

-21971 0

-22484 0

-22930 0

-23320 0

-23668 0

-23972 0

-24222 0

-24442 0

-24598 0

-24719 0

-24779 0

-24794 0

-24749 0

-24651 0

-24483 0

-24241 0

-23950 0

-23578 0

-23118 0

-22597 0

-21996 0

-21318 0

-20567 0

-19727 0

-18813 0

-17816 0

-16735 0

-15564 0

-14309 0

-12970 0

-11556 0

-10058 0

-8500 0

-6902 0

-5255 0

-3573 0

-1866 0

-157 0

1550 0

3276 0

4975 0

6667 0

8342 0

9974 0

11569 0

13114 0

14582 0

15967 0

17252 0

18416 0

19479 0

20404 0

21228 0

21926 0

22513 0

23001 0

23395 0

23715 0

23960 0

24152 0

24292 0

24403 0

24470 0

24504 0

24521 0

24491 0

24424 0

24314 0

24146 0

23897 0

23555 0

23131 0

22601 0

21989 0

21293 0

20523 0

19661 0

18747 0

17751 0

16669 0

15535 0

14350 0

13105 0

11821 0

10508 0

9164 0

7814 0

6423 0

5012 0

3575 0

2119 0

617 0

-913 0

-2448 0

-4008 0

-5570 0

-7136 0

-8671 0

-10166 0

-11628 0

-13013 0

-14333 0

-15572 0

-16718 0

-17778 0

-18748 0

-19625 0

-20374 0

-21034 0

-21598 0

-22070 0

-22451 0

-22732 0

-22936 0

-23052 0

-23116 0

-23105 0

-23045 0

-22940 0

-22797 0

-22616 0

-22391 0

-22139 0

-21839 0

-21502 0

-21110 0

-20660 0

-20166 0

-19611 0

-18985 0

-18307 0

-17582 0

-16792 0

-15955 0

-15072 0

-14134 0

-13144 0

-12111 0

-11010 0

-9878 0

-8680 0

-7420 0

-6108 0

-4759 0

-3370 0

-1955 0

-506 0

928 0

2375 0

3795 0

5190 0

6565 0

7896 0

9188 0

10440 0

11633 0

12763 0

13840 0

14843 0

15751 0

16595 0

17336 0

17981 0

18531 0

18974 0

19315 0

19573 0

19729 0

19802 0

19789 0

19707 0

19561 0

19349 0

19087 0

18778 0

18413 0

18017 0

17576 0

17105 0

16591 0

16050 0

15467 0

14865 0

14223 0

13545 0

12848 0

12117 0

11358 0

10571 0

9740 0

8869 0

7972 0

7043 0

6072 0

5075 0

4040 0

2979 0

1895 0

787 0

-346 0

-1481 0

-2621 0

-3757 0

-4883 0

-5997 0

-7084 0

-8136 0

-9140 0

-10109 0

-11015 0

-11866 0

-12659 0

-13389 0

-14041 0

-14641 0

-15170 0

-15626 0

-16008 0

-16315 0

-16539 0

-16705 0

-16780 0

-16795 0

-16730 0

-16599 0

-16401 0

-16152 0

-15825 0

-15450 0

-15016 0

-14538 0

-14018 0

-13464 0

-12859 0

-12220 0

-11551 0

-10852 0

-10128 0

-9386 0

-8615 0

-7832 0

-7036 0

-6228 0

-5409 0

-4582 0

-3738 0

-2895 0

-2045 0

-1190 0

-347 0

486 0

1311 0

2134 0

